Airfoil Transition 2 between Clark_y.txt and E63.txt
 61. 61.

0.0005066666666666667 0.0014533333333333334
0.020904489795918368 0.020498300852219244
0.041302312925170066 0.031018581960075405
0.06170013605442177 0.03873944687786634
0.08209795918367346 0.04501466373221089
0.10249578231292517 0.050347597708155105
0.12289360544217687 0.0549297607692138
0.1432914285714286 0.05888975104204503
0.16368925170068027 0.06233171794722072
0.18408707482993197 0.06530857590681854
0.20448489795918368 0.06783975889106188
0.22488272108843538 0.06996233399659929
0.24528054421768708 0.07173579514764315
0.2656783673469388 0.07320688203346896
0.2860761904761905 0.07441786896671318
0.30647401360544213 0.07541344853135463
0.3268718367346939 0.07622303679254401
0.3472696598639456 0.0768456204719731
0.36766748299319724 0.07727561194342064
0.388065306122449 0.07750954819364278
0.4084631292517007 0.07755023137057383
0.42886095238095234 0.07740379279675233
0.44925877551020404 0.07707353762405732
0.4696565986394558 0.07656127344124279
0.49005442176870745 0.07587622239632152
0.5104522448979592 0.07503139740708518
0.5308500680272109 0.07403269516140099
0.5512478911564626 0.0728760486323049
0.5716457142857143 0.07155727632131063
0.592043537414966 0.07007876096365676
0.6124413605442176 0.06844577503493386
0.6328391836734694 0.06665905040416437
0.6532370068027211 0.06471610731214572
0.6736348299319728 0.06261667544782182
0.6940326530612245 0.06036889615093325
0.7144304761904762 0.057979027749595013
0.7348282993197278 0.05543815085930277
0.7552261224489796 0.052734938796063044
0.7756239455782313 0.04986736944464904
0.796021768707483 0.046838838072726124
0.8164195918367347 0.043636064958548736
0.8368174149659864 0.04024033501676352
0.857215238095238 0.03664044382483984
0.8776130612244898 0.03282234121486547
0.8980108843537414 0.028744158277913486
0.9184087074829932 0.024365856467661394
0.938806530612245 0.019620707288709405
0.9592043537414966 0.014285859058892278
0.9796021768707482 0.007810141098048928
1.0 0.00019966666666666668

0.0005066666666666667 0.0014533333333333338
0.020904489795918368 -0.004885393675565458
0.041302312925170066 -0.010962430021528143
0.06170013605442177 -0.00807318156735385
0.08209795918367346 -0.0074550887371483306
0.10249578231292517 -0.006385121402815674
0.12289360544217687 -0.004730106360952474
0.1432914285714286 -0.0032425090919898404
0.16368925170068027 -0.0017614284188912817
0.18408707482993197 -0.00018553748861581051
0.20448489795918368 0.001414389483138604
0.22488272108843538 0.002987175024700313
0.24528054421768708 0.00452687454106291
0.2656783673469388 0.006029608983809366
0.2860761904761905 0.007485294251011895
0.30647401360544213 0.008882840986480848
0.3268718367346939 0.010212179200266971
0.3472696598639456 0.01146967851298954
0.36766748299319724 0.012653856404494738
0.388065306122449 0.013766794738852912
0.4084631292517007 0.014812879764616437
0.42886095238095234 0.015792899287169655
0.44925877551020404 0.016702899772035103
0.4696565986394558 0.017537566929343523
0.49005442176870745 0.018294347866050602
0.5104522448979592 0.01897476049915139
0.5308500680272109 0.019580014769735216
0.5512478911564626 0.020108265547752347
0.5716457142857143 0.020554301501925616
0.592043537414966 0.020913082407721308
0.6124413605442176 0.021183235040723523
0.6328391836734694 0.02136588741940322
0.6532370068027211 0.02146170887117197
0.6736348299319728 0.02146600350975304
0.6940326530612245 0.02137165726890837
0.7144304761904762 0.021173942307845958
0.7348282993197278 0.020870312009402987
0.7552261224489796 0.02045930900816905
0.7756239455782313 0.019932506561126224
0.796021768707483 0.019276917414858014
0.8164195918367347 0.018479997421987585
0.8368174149659864 0.017535165445118475
0.857215238095238 0.016432902192030696
0.8776130612244898 0.01514703525127191
0.8980108843537414 0.013642493907295737
0.9184087074829932 0.011880733964692367
0.938806530612245 0.00978968642978597
0.9592043537414966 0.007194676779562424
0.9796021768707482 0.003891763601680546
1.0 -0.00019966666666666668
