Airfoil Transition 1 between Clark_y.txt and E63.txt
 61. 61.

0.00025333333333333333 0.0007266666666666667
0.020656326530612244 0.023111998355135974
0.041059319727891154 0.035298547963570404
0.061462312925170064 0.04400492266027177
0.08186530612244898 0.05100899927807706
0.10226829931972789 0.056980520670358664
0.1226712925170068 0.062089846384630026
0.1430742857142857 0.06647814341598256
0.16347727891156463 0.07025864093164091
0.18388027210884353 0.0734749756004763
0.20428326530612245 0.07613108798448039
0.22468625850340135 0.07826358685408305
0.24508925170068027 0.07995502345632431
0.26549224489795914 0.08128152851493893
0.2858952380952381 0.08231706036811136
0.306298231292517 0.08313305564147865
0.3267012244897959 0.08376773844089587
0.34710421768707483 0.08420947817255424
0.36750721088435373 0.08444545684408747
0.3879102040816326 0.08446236762405678
0.4083131972789115 0.08425237922685894
0.4287161904761905 0.08381757810860385
0.44911918367346937 0.08316802006307687
0.46952217687074826 0.08231292016357053
0.4899251700680272 0.0812658522667026
0.5103281632653062 0.08004124123331083
0.530731156462585 0.07864558734143791
0.551134149659864 0.07707730449281201
0.5715371428571429 0.07533422072100507
0.5919401360544218 0.07341771407965896
0.6123431292517006 0.07133183645477131
0.6327461224489795 0.06908009153367893
0.6531491156462584 0.06666802227453635
0.6735521088435374 0.0641010515634163
0.6939551020408163 0.061389826982069864
0.7143580952380952 0.05854325520914495
0.7347610884353741 0.05555839125842476
0.755164081632653 0.052431259794669054
0.7755670748299319 0.04916007624129416
0.7959700680272108 0.04574818622063265
0.8163730612244897 0.04218871587810554
0.8367760544217687 0.03847501610771257
0.8571790476190476 0.03460192453752824
0.8775820408163265 0.030564669618617788
0.8979850340136054 0.026344063870297748
0.9183880272108843 0.021921873958365305
0.9387910204081632 0.01726146428466423
0.9591940136054422 0.01224929798965868
0.9795970068027211 0.006619732025034928
1.0 0.00039933333333333335

0.00025333333333333333 0.0007266666666666669
0.020656326530612244 -0.01263890513384262
0.041059319727891154 -0.017812624292983102
0.061462312925170064 -0.01765436155998219
0.08186530612244898 -0.01799953329422952
0.10226829931972789 -0.01791988070222647
0.1226712925170068 -0.01737119479706016
0.1430742857142857 -0.01674988866734133
0.16347727891156463 -0.015998366987420683
0.18388027210884353 -0.015088106197194749
0.20428326530612245 -0.014077689099109888
0.22468625850340135 -0.013012603789027279
0.24508925170068027 -0.011912462246011064
0.26549224489795914 -0.010795796745558871
0.2858952380952381 -0.009683659982345234
0.306298231292517 -0.008596649828418956
0.3267012244897959 -0.00755081422634616
0.34710421768707483 -0.006547029821678416
0.36750721088435373 -0.005583070377884868
0.3879102040816326 -0.004656319701361097
0.4083131972789115 -0.003761758742297023
0.4287161904761905 -0.002898687314937906
0.44911918367346937 -0.0020689121035840363
0.46952217687074826 -0.0012760021452689133
0.4899251700680272 -0.0005218517036121584
0.5103281632653062 0.0001942160881953335
0.530731156462585 0.0008720729825409251
0.551134149659864 0.0015108875640528104
0.5715371428571429 0.0021083578800806142
0.5919401360544218 0.0026622445739894664
0.6123431292517006 0.0031718211490393746
0.6327461224489795 0.003637589205455009
0.6531491156462584 0.004060309371203649
0.6735521088435374 0.004437566380250519
0.6939551020408163 0.004764949662737853
0.7143580952380952 0.005040995876027262
0.7347610884353741 0.005263765076567508
0.755164081632653 0.005433178265382664
0.7755670748299319 0.005544341500605803
0.7959700680272108 0.005591482751141855
0.8163730612244897 0.0055675668302939355
0.8367760544217687 0.005470105725073044
0.8571790476190476 0.00529350065407882
0.8775820408163265 0.005025537925518434
0.8979850340136054 0.004647779693534421
0.9183880272108843 0.0041418828145032005
0.9387910204081632 0.0034708607818391517
0.9591940136054422 0.0025483485034550517
0.9795970068027211 0.0012713930989071075
1.0 -0.00039933333333333335
