 ---------------------------------------------------------------
 Surface and Strip Forces by surface

  Forces referred to Sref, Cref, Bref about Xref, Yref, Zref
 Standard axis orientation,  X fwd, Z down         

  Surface # 1     main_wing                               
     # Chordwise = 10   # Spanwise = 30     First strip =  1
     Surface area =    8.662745       Ave. chord =    1.689678
     CLsurf  =   0.41308     Clsurf  =  -0.08986
     CYsurf  =  -0.05660     Cmsurf  =  -0.05491
     CDsurf  =   0.01851     Cnsurf  =  -0.00163
     CDisurf =   0.01851     CDvsurf =   0.00000

  Forces referred to Ssurf, Cave about hinge axis thru LE
     CLsurf  =   0.82674     CDsurf  =   0.03671
     Deflect =

 Strip Forces referred to Strip Area, Chord
    j      Yle    Chord     Area     c cl      ai      cl_norm  cl       cd       cdv    cm_c/4    cm_LE  C.P.x/c
     1   0.0034   2.1937   0.0299   1.9185  -0.0146   0.8748   0.8746   0.0364   0.0000  -0.0584  -0.2769    0.317
     2   0.0304   2.1884   0.0891   1.5366  -0.0123   0.7028   0.7027   0.0242   0.0000  -0.0535  -0.2290    0.326
     3   0.0840   2.1777   0.1468   1.5131  -0.0058   0.6958   0.6956   0.0208   0.0000  -0.0547  -0.2284    0.329
     4   0.1638   2.1619   0.2017   1.5165   0.0049   0.7025   0.7024   0.0201   0.0000  -0.0586  -0.2339    0.333
     5   0.2688   2.1410   0.2531   1.5289   0.0193   0.7155   0.7154   0.0164   0.0000  -0.0656  -0.2440    0.342
     6   0.3979   2.1154   0.3000   1.5644   0.0370   0.7405   0.7403   0.0228   0.0000  -0.0759  -0.2607    0.352
     7   0.5496   2.0852   0.3417   1.6039   0.0580   0.7700   0.7699   0.0253   0.0000  -0.0905  -0.2827    0.368
     8   0.7223   2.0509   0.3776   1.6381   0.0822   0.7998   0.7996   0.0243   0.0000  -0.1072  -0.3067    0.384
     9   0.9142   2.0128   0.4073   1.6816   0.1103   0.8360   0.8358   0.0311   0.0000  -0.1254  -0.3341    0.400
    10   1.1285   1.9703   0.4526   1.7024   0.1207   0.8645   0.8643   0.0343   0.0000  -0.1395  -0.3554    0.411
    11   1.3637   1.9236   0.4694   1.7058   0.1111   0.8870   0.8868   0.0386   0.0000  -0.1471  -0.3686    0.416
    12   1.6118   1.8743   0.4793   1.6921   0.1029   0.9029   0.9027   0.0396   0.0000  -0.1515  -0.3770    0.418
    13   1.8700   1.8230   0.4823   1.6620   0.0960   0.9117   0.9115   0.0413   0.0000  -0.1538  -0.3815    0.419
    14   2.1357   1.7703   0.4789   1.6267   0.0906   0.9189   0.9187   0.0418   0.0000  -0.1553  -0.3848    0.419
    15   2.4057   1.7167   0.4695   1.5845   0.0876   0.9231   0.9229   0.0420   0.0000  -0.1561  -0.3867    0.419
    16   2.6723   1.6637   0.4384   1.5376   0.0864   0.9243   0.9241   0.0414   0.0000  -0.1564  -0.3873    0.419
    17   2.9325   1.6120   0.4201   1.4815   0.0864   0.9190   0.9188   0.0426   0.0000  -0.1561  -0.3856    0.420
    18   3.1884   1.5612   0.3979   1.4256   0.0873   0.9131   0.9129   0.0418   0.0000  -0.1557  -0.3838    0.421
    19   3.4372   1.5118   0.3724   1.3602   0.0893   0.8997   0.8994   0.0420   0.0000  -0.1547  -0.3794    0.422
    20   3.6775   1.4641   0.3480   1.2889   0.0923   0.8801   0.8799   0.0435   0.0000  -0.1531  -0.3729    0.424
    21   3.9066   1.4186   0.3174   1.2115   0.0967   0.8536   0.8534   0.0444   0.0000  -0.1508  -0.3641    0.427
    22   4.1206   1.3761   0.2853   1.1275   0.1025   0.8187   0.8185   0.0450   0.0000  -0.1476  -0.3523    0.430
    23   4.3172   1.3370   0.2522   1.0374   0.1099   0.7751   0.7749   0.0446   0.0000  -0.1432  -0.3370    0.435
    24   4.4942   1.3019   0.2186   0.9373   0.1190   0.7189   0.7188   0.0445   0.0000  -0.1368  -0.3166    0.440
    25   4.6536   1.2702   0.1944   0.8273   0.1299   0.6501   0.6500   0.0429   0.0000  -0.1281  -0.2907    0.447
    26   4.7929   1.2426   0.1585   0.7024   0.1427   0.5640   0.5639   0.0401   0.0000  -0.1155  -0.2566    0.455
    27   4.9062   1.2201   0.1229   0.5656   0.1568   0.4624   0.4623   0.0348   0.0000  -0.0985  -0.2143    0.463
    28   4.9923   1.2030   0.0875   0.4158   0.1714   0.3446   0.3445   0.0275   0.0000  -0.0763  -0.1626    0.472
    29   5.0502   1.1915   0.0524   0.2553   0.1854   0.2136   0.2135   0.0179   0.0000  -0.0489  -0.1024    0.479
    30   5.0794   1.1857   0.0174   0.0864   0.1951   0.0726   0.0725   0.0064   0.0000  -0.0169  -0.0351    0.484

  Surface # 2     main_wing (YDUP)                        
     # Chordwise = 10   # Spanwise = 30     First strip = 31
     Surface area =    8.662745       Ave. chord =    1.689678
     CLsurf  =   0.41308     Clsurf  =   0.08986
     CYsurf  =   0.05660     Cmsurf  =  -0.05491
     CDsurf  =   0.01851     Cnsurf  =   0.00163
     CDisurf =   0.01851     CDvsurf =   0.00000

  Forces referred to Ssurf, Cave about hinge axis thru LE
     CLsurf  =   0.82674     CDsurf  =   0.03671
     Deflect =

 Strip Forces referred to Strip Area, Chord
    j      Yle    Chord     Area     c cl      ai      cl_norm  cl       cd       cdv    cm_c/4    cm_LE  C.P.x/c
    31  -0.0034   2.1937   0.0299   1.9185  -0.0146   0.8748   0.8746   0.0364   0.0000  -0.0584   0.2769    0.317
    32  -0.0304   2.1884   0.0891   1.5366  -0.0123   0.7028   0.7027   0.0242   0.0000  -0.0535   0.2290    0.326
    33  -0.0840   2.1777   0.1468   1.5131  -0.0058   0.6958   0.6956   0.0208   0.0000  -0.0547   0.2284    0.329
    34  -0.1638   2.1619   0.2017   1.5165   0.0049   0.7025   0.7024   0.0201   0.0000  -0.0586   0.2339    0.333
    35  -0.2688   2.1410   0.2531   1.5289   0.0193   0.7155   0.7154   0.0164   0.0000  -0.0656   0.2440    0.342
    36  -0.3979   2.1154   0.3000   1.5644   0.0370   0.7405   0.7403   0.0228   0.0000  -0.0759   0.2607    0.352
    37  -0.5496   2.0852   0.3417   1.6039   0.0580   0.7700   0.7699   0.0253   0.0000  -0.0905   0.2827    0.368
    38  -0.7223   2.0509   0.3776   1.6381   0.0822   0.7998   0.7996   0.0243   0.0000  -0.1072   0.3067    0.384
    39  -0.9142   2.0128   0.4073   1.6816   0.1103   0.8360   0.8358   0.0311   0.0000  -0.1254   0.3341    0.400
    40  -1.1285   1.9703   0.4526   1.7024   0.1208   0.8645   0.8643   0.0343   0.0000  -0.1395   0.3554    0.411
    41  -1.3637   1.9236   0.4694   1.7058   0.1111   0.8870   0.8868   0.0386   0.0000  -0.1471   0.3686    0.416
    42  -1.6118   1.8743   0.4793   1.6921   0.1029   0.9029   0.9027   0.0396   0.0000  -0.1515   0.3770    0.418
    43  -1.8700   1.8230   0.4823   1.6620   0.0960   0.9117   0.9115   0.0413   0.0000  -0.1538   0.3815    0.419
    44  -2.1357   1.7703   0.4789   1.6267   0.0906   0.9189   0.9187   0.0418   0.0000  -0.1553   0.3848    0.419
    45  -2.4057   1.7167   0.4695   1.5845   0.0876   0.9231   0.9229   0.0420   0.0000  -0.1561   0.3867    0.419
    46  -2.6723   1.6637   0.4384   1.5376   0.0864   0.9243   0.9241   0.0414   0.0000  -0.1564   0.3873    0.419
    47  -2.9325   1.6120   0.4201   1.4815   0.0864   0.9190   0.9188   0.0426   0.0000  -0.1561   0.3856    0.420
    48  -3.1884   1.5612   0.3979   1.4256   0.0873   0.9131   0.9129   0.0418   0.0000  -0.1557   0.3838    0.421
    49  -3.4372   1.5118   0.3724   1.3602   0.0893   0.8997   0.8994   0.0420   0.0000  -0.1547   0.3794    0.422
    50  -3.6775   1.4641   0.3480   1.2889   0.0923   0.8801   0.8799   0.0435   0.0000  -0.1531   0.3729    0.424
    51  -3.9066   1.4186   0.3174   1.2115   0.0967   0.8536   0.8534   0.0444   0.0000  -0.1508   0.3641    0.427
    52  -4.1206   1.3761   0.2853   1.1275   0.1025   0.8187   0.8185   0.0450   0.0000  -0.1476   0.3523    0.430
    53  -4.3172   1.3370   0.2522   1.0374   0.1099   0.7751   0.7749   0.0446   0.0000  -0.1432   0.3370    0.435
    54  -4.4942   1.3019   0.2186   0.9373   0.1190   0.7189   0.7188   0.0445   0.0000  -0.1368   0.3166    0.440
    55  -4.6536   1.2702   0.1944   0.8273   0.1299   0.6501   0.6500   0.0429   0.0000  -0.1281   0.2907    0.447
    56  -4.7929   1.2426   0.1585   0.7024   0.1427   0.5640   0.5639   0.0401   0.0000  -0.1155   0.2566    0.455
    57  -4.9062   1.2201   0.1229   0.5656   0.1568   0.4624   0.4623   0.0348   0.0000  -0.0985   0.2143    0.463
    58  -4.9923   1.2030   0.0875   0.4158   0.1714   0.3446   0.3445   0.0275   0.0000  -0.0763   0.1626    0.472
    59  -5.0502   1.1915   0.0524   0.2553   0.1854   0.2136   0.2135   0.0179   0.0000  -0.0489   0.1024    0.479
    60  -5.0794   1.1857   0.0174   0.0864   0.1951   0.0726   0.0725   0.0064   0.0000  -0.0169   0.0351    0.484

  Surface # 3     horizontal_stabilizer                   
     # Chordwise = 10   # Spanwise = 30     First strip = 61
     Surface area =    2.000000       Ave. chord =    1.000000
     CLsurf  =   0.00798     Clsurf  =  -0.00055
     CYsurf  =  -0.00009     Cmsurf  =  -0.02137
     CDsurf  =   0.00060     Cnsurf  =   0.00004
     CDisurf =   0.00060     CDvsurf =   0.00000

  Forces referred to Ssurf, Cave about hinge axis thru LE
     CLsurf  =   0.06850     CDsurf  =   0.00512
     Deflect =

 Strip Forces referred to Strip Area, Chord
    j      Yle    Chord     Area     c cl      ai      cl_norm  cl       cd       cdv    cm_c/4    cm_LE  C.P.x/c
    61   0.0014   1.1973   0.0069   0.1209   0.0743   0.1008   0.1004   0.0106   0.0000   0.0009  -0.0242    0.241
    62   0.0129   1.1951   0.0205   0.1209   0.0742   0.1012   0.1009   0.0074   0.0000   0.0009  -0.0243    0.241
    63   0.0357   1.1906   0.0338   0.1208   0.0741   0.1015   0.1012   0.0072   0.0000   0.0009  -0.0243    0.241
    64   0.0696   1.1839   0.0465   0.1205   0.0740   0.1019   0.1016   0.0071   0.0000   0.0010  -0.0243    0.240
    65   0.1141   1.1751   0.0585   0.1199   0.0739   0.1021   0.1018   0.0071   0.0000   0.0011  -0.0243    0.240
    66   0.1689   1.1642   0.0695   0.1188   0.0739   0.1021   0.1018   0.0071   0.0000   0.0011  -0.0243    0.239
    67   0.2315   1.1519   0.0750   0.1170   0.0739   0.1016   0.1013   0.0071   0.0000   0.0011  -0.0241    0.239
    68   0.3008   1.1382   0.0833   0.1144   0.0740   0.1006   0.1003   0.0070   0.0000   0.0011  -0.0239    0.239
    69   0.3777   1.1230   0.0903   0.1109   0.0742   0.0988   0.0985   0.0070   0.0000   0.0010  -0.0236    0.240
    70   0.4614   1.1064   0.0960   0.1065   0.0745   0.0963   0.0960   0.0068   0.0000   0.0008  -0.0231    0.242
    71   0.5511   1.0887   0.1004   0.1011   0.0749   0.0929   0.0926   0.0068   0.0000   0.0006  -0.0225    0.244
    72   0.6456   1.0700   0.1034   0.0948   0.0754   0.0886   0.0883   0.0065   0.0000   0.0003  -0.0217    0.247
    73   0.7441   1.0506   0.1050   0.0878   0.0760   0.0836   0.0834   0.0062   0.0000   0.0000  -0.0208    0.250
    74   0.8453   1.0306   0.1054   0.0804   0.0767   0.0780   0.0778   0.0058   0.0000  -0.0003  -0.0197    0.254
    75   0.9482   1.0102   0.1044   0.0727   0.0773   0.0720   0.0718   0.0055   0.0000  -0.0006  -0.0185    0.258
    76   1.0518   0.9898   0.1023   0.0651   0.0779   0.0658   0.0656   0.0051   0.0000  -0.0008  -0.0172    0.262
    77   1.1547   0.9694   0.0991   0.0577   0.0784   0.0595   0.0594   0.0047   0.0000  -0.0010  -0.0158    0.267
    78   1.2559   0.9494   0.0949   0.0508   0.0789   0.0535   0.0533   0.0043   0.0000  -0.0012  -0.0145    0.272
    79   1.3544   0.9300   0.0899   0.0444   0.0792   0.0477   0.0476   0.0039   0.0000  -0.0013  -0.0131    0.277
    80   1.4489   0.9113   0.0840   0.0386   0.0795   0.0423   0.0422   0.0034   0.0000  -0.0013  -0.0118    0.281
    81   1.5386   0.8936   0.0776   0.0333   0.0797   0.0373   0.0372   0.0031   0.0000  -0.0013  -0.0106    0.285
    82   1.6223   0.8770   0.0705   0.0286   0.0799   0.0326   0.0325   0.0027   0.0000  -0.0013  -0.0094    0.289
    83   1.6992   0.8618   0.0631   0.0244   0.0801   0.0282   0.0282   0.0024   0.0000  -0.0012  -0.0082    0.292
    84   1.7685   0.8481   0.0552   0.0205   0.0804   0.0242   0.0241   0.0020   0.0000  -0.0011  -0.0071    0.295
    85   1.8311   0.8358   0.0499   0.0169   0.0806   0.0203   0.0202   0.0017   0.0000  -0.0009  -0.0060    0.297
    86   1.8859   0.8249   0.0411   0.0136   0.0808   0.0164   0.0164   0.0014   0.0000  -0.0008  -0.0049    0.298
    87   1.9304   0.8161   0.0321   0.0104   0.0810   0.0127   0.0127   0.0011   0.0000  -0.0006  -0.0038    0.299
    88   1.9643   0.8094   0.0230   0.0073   0.0812   0.0090   0.0090   0.0008   0.0000  -0.0005  -0.0027    0.300
    89   1.9871   0.8049   0.0138   0.0044   0.0814   0.0054   0.0054   0.0005   0.0000  -0.0003  -0.0016    0.301
    90   1.9986   0.8027   0.0046   0.0015   0.0815   0.0018   0.0018   0.0002   0.0000  -0.0001  -0.0005    0.301

  Surface # 4     horizontal_stabilizer (YDUP)            
     # Chordwise = 10   # Spanwise = 30     First strip = 91
     Surface area =    2.000000       Ave. chord =    1.000000
     CLsurf  =   0.00798     Clsurf  =   0.00055
     CYsurf  =   0.00009     Cmsurf  =  -0.02137
     CDsurf  =   0.00060     Cnsurf  =  -0.00004
     CDisurf =   0.00060     CDvsurf =   0.00000

  Forces referred to Ssurf, Cave about hinge axis thru LE
     CLsurf  =   0.06850     CDsurf  =   0.00512
     Deflect =

 Strip Forces referred to Strip Area, Chord
    j      Yle    Chord     Area     c cl      ai      cl_norm  cl       cd       cdv    cm_c/4    cm_LE  C.P.x/c
    91  -0.0014   1.1973   0.0069   0.1209   0.0743   0.1008   0.1004   0.0106   0.0000   0.0009   0.0242    0.241
    92  -0.0129   1.1951   0.0205   0.1209   0.0742   0.1012   0.1009   0.0074   0.0000   0.0009   0.0243    0.241
    93  -0.0357   1.1906   0.0338   0.1208   0.0741   0.1015   0.1012   0.0072   0.0000   0.0009   0.0243    0.241
    94  -0.0696   1.1839   0.0465   0.1205   0.0740   0.1019   0.1016   0.0071   0.0000   0.0010   0.0243    0.240
    95  -0.1141   1.1751   0.0585   0.1199   0.0739   0.1021   0.1018   0.0071   0.0000   0.0011   0.0243    0.240
    96  -0.1689   1.1642   0.0695   0.1188   0.0739   0.1021   0.1018   0.0071   0.0000   0.0011   0.0243    0.239
    97  -0.2315   1.1519   0.0750   0.1170   0.0739   0.1016   0.1013   0.0071   0.0000   0.0011   0.0241    0.239
    98  -0.3008   1.1382   0.0833   0.1144   0.0740   0.1006   0.1003   0.0070   0.0000   0.0011   0.0239    0.239
    99  -0.3777   1.1230   0.0903   0.1109   0.0742   0.0988   0.0985   0.0070   0.0000   0.0010   0.0236    0.240
   100  -0.4614   1.1064   0.0960   0.1065   0.0745   0.0963   0.0960   0.0068   0.0000   0.0008   0.0231    0.242
   101  -0.5511   1.0887   0.1004   0.1011   0.0749   0.0929   0.0926   0.0068   0.0000   0.0006   0.0225    0.244
   102  -0.6456   1.0700   0.1034   0.0948   0.0754   0.0886   0.0883   0.0065   0.0000   0.0003   0.0217    0.247
   103  -0.7441   1.0506   0.1050   0.0878   0.0760   0.0836   0.0834   0.0062   0.0000   0.0000   0.0208    0.250
   104  -0.8453   1.0306   0.1054   0.0804   0.0767   0.0780   0.0778   0.0058   0.0000  -0.0003   0.0197    0.254
   105  -0.9482   1.0102   0.1044   0.0727   0.0773   0.0720   0.0718   0.0055   0.0000  -0.0006   0.0185    0.258
   106  -1.0518   0.9898   0.1023   0.0651   0.0779   0.0658   0.0656   0.0051   0.0000  -0.0008   0.0172    0.262
   107  -1.1547   0.9694   0.0991   0.0577   0.0784   0.0595   0.0594   0.0047   0.0000  -0.0010   0.0158    0.267
   108  -1.2559   0.9494   0.0949   0.0508   0.0789   0.0535   0.0533   0.0043   0.0000  -0.0012   0.0145    0.272
   109  -1.3544   0.9300   0.0899   0.0444   0.0792   0.0477   0.0476   0.0039   0.0000  -0.0013   0.0131    0.277
   110  -1.4489   0.9113   0.0840   0.0386   0.0795   0.0423   0.0422   0.0034   0.0000  -0.0013   0.0118    0.281
   111  -1.5386   0.8936   0.0776   0.0333   0.0797   0.0373   0.0372   0.0031   0.0000  -0.0013   0.0106    0.285
   112  -1.6223   0.8770   0.0705   0.0286   0.0799   0.0326   0.0325   0.0027   0.0000  -0.0013   0.0094    0.289
   113  -1.6992   0.8618   0.0631   0.0244   0.0801   0.0282   0.0282   0.0024   0.0000  -0.0012   0.0082    0.292
   114  -1.7685   0.8481   0.0552   0.0205   0.0804   0.0242   0.0241   0.0020   0.0000  -0.0011   0.0071    0.295
   115  -1.8311   0.8358   0.0499   0.0169   0.0806   0.0203   0.0202   0.0017   0.0000  -0.0009   0.0060    0.297
   116  -1.8859   0.8249   0.0411   0.0136   0.0808   0.0164   0.0164   0.0014   0.0000  -0.0008   0.0049    0.298
   117  -1.9304   0.8161   0.0321   0.0104   0.0810   0.0127   0.0127   0.0011   0.0000  -0.0006   0.0038    0.299
   118  -1.9643   0.8094   0.0230   0.0073   0.0812   0.0090   0.0090   0.0008   0.0000  -0.0005   0.0027    0.300
   119  -1.9871   0.8049   0.0138   0.0044   0.0814   0.0054   0.0054   0.0005   0.0000  -0.0003   0.0016    0.301
   120  -1.9986   0.8027   0.0046   0.0015   0.0815   0.0018   0.0018   0.0002   0.0000  -0.0001   0.0005    0.301

  Surface # 5     vertical_stabilizer                     
     # Chordwise = 10   # Spanwise = 30     First strip =121
     Surface area =    1.162981       Ave. chord =    0.785002
     CLsurf  =   0.00000     Clsurf  =   0.00000
     CYsurf  =   0.00000     Cmsurf  =  -0.00000
     CDsurf  =  -0.00000     Cnsurf  =  -0.00000
     CDisurf =  -0.00000     CDvsurf =   0.00000

  Forces referred to Ssurf, Cave about hinge axis thru LE
     CLsurf  =  -0.00000     CDsurf  =  -0.00000
     Deflect =

 Strip Forces referred to Strip Area, Chord
    j      Yle    Chord     Area     c cl      ai      cl_norm  cl       cd       cdv    cm_c/4    cm_LE  C.P.x/c
   121   0.0000   1.0573   0.0140  -0.0000   0.0000  -0.0000  -0.0000   0.0000   0.0000  -0.0000   0.0000    0.179
   122   0.0000   1.0509   0.0227  -0.0000   0.0000  -0.0000  -0.0000   0.0000   0.0000  -0.0000   0.0000    0.180
   123   0.0000   1.0413   0.0311  -0.0000   0.0000  -0.0000  -0.0000  -0.0000   0.0000  -0.0000   0.0000    0.192
   124   0.0000   1.0287   0.0389  -0.0000  -0.0000  -0.0000  -0.0000  -0.0000   0.0000  -0.0000   0.0000    0.189
   125   0.0000   1.0133   0.0461  -0.0000   0.0000  -0.0000  -0.0000   0.0000   0.0000  -0.0000   0.0000    0.192
   126   0.0000   0.9966   0.0440  -0.0000   0.0000  -0.0000  -0.0000  -0.0000   0.0000  -0.0000   0.0000    0.196
   127   0.0000   0.9792   0.0488  -0.0000   0.0000  -0.0000  -0.0000  -0.0000   0.0000  -0.0000   0.0000    0.220
   128   0.0000   0.9597   0.0527  -0.0000   0.0000  -0.0000  -0.0000  -0.0000   0.0000  -0.0000   0.0000    0.211
   129   0.0000   0.9385   0.0559  -0.0000  -0.0000  -0.0000  -0.0000  -0.0000   0.0000  -0.0000   0.0000    0.210
   130   0.0000   0.9157   0.0582  -0.0000   0.0000  -0.0000  -0.0000  -0.0000   0.0000  -0.0000   0.0000    0.218
   131   0.0000   0.8915   0.0596  -0.0000   0.0000  -0.0000  -0.0000  -0.0000   0.0000  -0.0000   0.0000    0.217
   132   0.0000   0.8662   0.0602  -0.0000   0.0000  -0.0000  -0.0000   0.0000   0.0000  -0.0000   0.0000    0.216
   133   0.0000   0.8401   0.0601  -0.0000   0.0000  -0.0000  -0.0000  -0.0000   0.0000  -0.0000   0.0000    0.227
   134   0.0000   0.8133   0.0592  -0.0000   0.0000  -0.0000  -0.0000  -0.0000   0.0000  -0.0000   0.0000    0.223
   135   0.0000   0.7863   0.0576  -0.0000   0.0000  -0.0000  -0.0000  -0.0000   0.0000  -0.0000   0.0000    0.222
   136   0.0000   0.7592   0.0554  -0.0000   0.0000  -0.0000  -0.0000  -0.0000   0.0000  -0.0000   0.0000    0.223
   137   0.0000   0.7323   0.0527  -0.0000  -0.0000  -0.0000  -0.0000  -0.0000   0.0000  -0.0000   0.0000    0.221
   138   0.0000   0.7060   0.0495  -0.0000   0.0000  -0.0000  -0.0000  -0.0000   0.0000  -0.0000   0.0000    0.220
   139   0.0000   0.6804   0.0460  -0.0000   0.0000  -0.0000  -0.0000  -0.0000   0.0000  -0.0000   0.0000    0.218
   140   0.0000   0.6560   0.0422  -0.0000   0.0000  -0.0000  -0.0000  -0.0000   0.0000  -0.0000   0.0000    0.209
   141   0.0000   0.6328   0.0383  -0.0000  -0.0000  -0.0000  -0.0000  -0.0000   0.0000  -0.0000   0.0000    0.209
   142   0.0000   0.6112   0.0342  -0.0000   0.0000  -0.0000  -0.0000  -0.0000   0.0000  -0.0000   0.0000    0.206
   143   0.0000   0.5914   0.0301  -0.0000   0.0000  -0.0000  -0.0000  -0.0000   0.0000  -0.0000   0.0000    0.199
   144   0.0000   0.5736   0.0259  -0.0000   0.0000  -0.0000  -0.0000  -0.0000   0.0000  -0.0000   0.0000    0.193
   145   0.0000   0.5570   0.0246  -0.0000   0.0000  -0.0000  -0.0000  -0.0000   0.0000  -0.0000   0.0000    0.186
   146   0.0000   0.5419   0.0200  -0.0000   0.0000  -0.0000  -0.0000  -0.0000   0.0000  -0.0000   0.0000    0.183
   147   0.0000   0.5297   0.0154  -0.0000   0.0000  -0.0000  -0.0000  -0.0000   0.0000  -0.0000   0.0000    0.171
   148   0.0000   0.5204   0.0109  -0.0000   0.0000  -0.0000  -0.0000  -0.0000   0.0000  -0.0000   0.0000    0.162
   149   0.0000   0.5141   0.0065  -0.0000  -0.0000  -0.0000  -0.0000  -0.0000   0.0000  -0.0000   0.0000    0.153
   150   0.0000   0.5110   0.0022  -0.0000   0.0000  -0.0000  -0.0000  -0.0000   0.0000  -0.0000   0.0000    0.149
 ---------------------------------------------------------------
