 ---------------------------------------------------------------
 Surface and Strip Forces by surface

  Forces referred to Sref, Cref, Bref about Xref, Yref, Zref
 Standard axis orientation,  X fwd, Z down         

  Surface # 1     main_wing                               
     # Chordwise = 10   # Spanwise = 30     First strip =  1
     Surface area =    8.662745       Ave. chord =    1.689678
     CLsurf  =   0.31414     Clsurf  =  -0.06959
     CYsurf  =  -0.04121     Cmsurf  =  -0.06502
     CDsurf  =   0.01097     Cnsurf  =   0.00192
     CDisurf =   0.01097     CDvsurf =   0.00000

  Forces referred to Ssurf, Cave about hinge axis thru LE
     CLsurf  =   0.62824     CDsurf  =   0.02175
     Deflect =

 Strip Forces referred to Strip Area, Chord
    j      Yle    Chord     Area     c cl      ai      cl_norm  cl       cd       cdv    cm_c/4    cm_LE  C.P.x/c
     1   0.0034   2.1937   0.0299   1.2803  -0.0533   0.5841   0.5841  -0.0027   0.0000  -0.0722  -0.2179    0.374
     2   0.0304   2.1884   0.0891   1.0769  -0.0506   0.4922   0.4922   0.0067   0.0000  -0.0623  -0.1851    0.377
     3   0.0840   2.1777   0.1468   1.0661  -0.0436   0.4896   0.4896   0.0062   0.0000  -0.0632  -0.1854    0.379
     4   0.1638   2.1619   0.2017   1.0734  -0.0325   0.4966   0.4966   0.0058   0.0000  -0.0671  -0.1911    0.385
     5   0.2688   2.1410   0.2531   1.0906  -0.0175   0.5095   0.5095   0.0054   0.0000  -0.0742  -0.2013    0.396
     6   0.3979   2.1154   0.3000   1.1251   0.0010   0.5319   0.5319   0.0089   0.0000  -0.0851  -0.2179    0.410
     7   0.5496   2.0852   0.3417   1.1645   0.0229   0.5584   0.5584   0.0108   0.0000  -0.0996  -0.2390    0.428
     8   0.7223   2.0509   0.3776   1.2099   0.0482   0.5899   0.5899   0.0121   0.0000  -0.1173  -0.2645    0.449
     9   0.9142   2.0128   0.4073   1.2595   0.0775   0.6255   0.6255   0.0177   0.0000  -0.1365  -0.2926    0.468
    10   1.1285   1.9703   0.4526   1.2891   0.0895   0.6540   0.6539   0.0212   0.0000  -0.1513  -0.3145    0.481
    11   1.3637   1.9236   0.4694   1.3008   0.0818   0.6759   0.6758   0.0236   0.0000  -0.1594  -0.3281    0.486
    12   1.6118   1.8743   0.4793   1.2943   0.0769   0.6901   0.6901   0.0246   0.0000  -0.1642  -0.3365    0.488
    13   1.8700   1.8230   0.4823   1.2763   0.0754   0.6997   0.6996   0.0258   0.0000  -0.1671  -0.3417    0.489
    14   2.1357   1.7703   0.4789   1.2526   0.0764   0.7071   0.7071   0.0261   0.0000  -0.1689  -0.3454    0.489
    15   2.4057   1.7167   0.4695   1.2221   0.0763   0.7115   0.7114   0.0264   0.0000  -0.1700  -0.3476    0.489
    16   2.6723   1.6637   0.4384   1.1873   0.0749   0.7132   0.7132   0.0260   0.0000  -0.1706  -0.3486    0.489
    17   2.9325   1.6120   0.4201   1.1449   0.0738   0.7098   0.7097   0.0270   0.0000  -0.1703  -0.3475    0.490
    18   3.1884   1.5612   0.3979   1.1018   0.0734   0.7053   0.7052   0.0265   0.0000  -0.1701  -0.3462    0.491
    19   3.4372   1.5118   0.3724   1.0523   0.0741   0.6956   0.6955   0.0266   0.0000  -0.1692  -0.3429    0.493
    20   3.6775   1.4641   0.3480   0.9982   0.0758   0.6813   0.6812   0.0273   0.0000  -0.1678  -0.3379    0.496
    21   3.9066   1.4186   0.3174   0.9386   0.0786   0.6611   0.6611   0.0279   0.0000  -0.1657  -0.3307    0.501
    22   4.1206   1.3761   0.2853   0.8742   0.0827   0.6348   0.6347   0.0282   0.0000  -0.1626  -0.3210    0.506
    23   4.3172   1.3370   0.2522   0.8048   0.0883   0.6014   0.6013   0.0278   0.0000  -0.1582  -0.3083    0.513
    24   4.4942   1.3019   0.2186   0.7279   0.0953   0.5586   0.5585   0.0276   0.0000  -0.1516  -0.2911    0.521
    25   4.6536   1.2702   0.1944   0.6433   0.1041   0.5058   0.5058   0.0266   0.0000  -0.1424  -0.2687    0.532
    26   4.7929   1.2426   0.1585   0.5472   0.1146   0.4398   0.4398   0.0246   0.0000  -0.1289  -0.2387    0.543
    27   4.9062   1.2201   0.1229   0.4412   0.1264   0.3611   0.3611   0.0215   0.0000  -0.1102  -0.2004    0.555
    28   4.9923   1.2030   0.0875   0.3250   0.1388   0.2698   0.2698   0.0169   0.0000  -0.0856  -0.1530    0.567
    29   5.0502   1.1915   0.0524   0.1999   0.1510   0.1675   0.1675   0.0113   0.0000  -0.0549  -0.0967    0.578
    30   5.0794   1.1857   0.0174   0.0677   0.1594   0.0570   0.0570   0.0042   0.0000  -0.0190  -0.0333    0.584

  Surface # 2     main_wing (YDUP)                        
     # Chordwise = 10   # Spanwise = 30     First strip = 31
     Surface area =    8.662745       Ave. chord =    1.689678
     CLsurf  =   0.31414     Clsurf  =   0.06959
     CYsurf  =   0.04121     Cmsurf  =  -0.06502
     CDsurf  =   0.01097     Cnsurf  =  -0.00192
     CDisurf =   0.01097     CDvsurf =   0.00000

  Forces referred to Ssurf, Cave about hinge axis thru LE
     CLsurf  =   0.62824     CDsurf  =   0.02175
     Deflect =

 Strip Forces referred to Strip Area, Chord
    j      Yle    Chord     Area     c cl      ai      cl_norm  cl       cd       cdv    cm_c/4    cm_LE  C.P.x/c
    31  -0.0034   2.1937   0.0299   1.2803  -0.0533   0.5841   0.5841  -0.0027   0.0000  -0.0722   0.2179    0.374
    32  -0.0304   2.1884   0.0891   1.0769  -0.0506   0.4922   0.4922   0.0067   0.0000  -0.0623   0.1851    0.377
    33  -0.0840   2.1777   0.1468   1.0661  -0.0436   0.4896   0.4896   0.0062   0.0000  -0.0632   0.1854    0.379
    34  -0.1638   2.1619   0.2017   1.0734  -0.0325   0.4966   0.4966   0.0058   0.0000  -0.0671   0.1911    0.385
    35  -0.2688   2.1410   0.2531   1.0906  -0.0175   0.5095   0.5095   0.0054   0.0000  -0.0742   0.2013    0.396
    36  -0.3979   2.1154   0.3000   1.1251   0.0010   0.5319   0.5319   0.0089   0.0000  -0.0851   0.2179    0.410
    37  -0.5496   2.0852   0.3417   1.1645   0.0229   0.5584   0.5584   0.0108   0.0000  -0.0996   0.2390    0.428
    38  -0.7223   2.0509   0.3776   1.2099   0.0482   0.5899   0.5899   0.0121   0.0000  -0.1173   0.2645    0.449
    39  -0.9142   2.0128   0.4073   1.2595   0.0775   0.6255   0.6255   0.0177   0.0000  -0.1365   0.2926    0.468
    40  -1.1285   1.9703   0.4526   1.2891   0.0895   0.6540   0.6539   0.0212   0.0000  -0.1513   0.3145    0.481
    41  -1.3637   1.9236   0.4694   1.3008   0.0818   0.6759   0.6758   0.0236   0.0000  -0.1594   0.3281    0.486
    42  -1.6118   1.8743   0.4793   1.2943   0.0769   0.6901   0.6901   0.0246   0.0000  -0.1642   0.3365    0.488
    43  -1.8700   1.8230   0.4823   1.2763   0.0754   0.6997   0.6996   0.0258   0.0000  -0.1671   0.3417    0.489
    44  -2.1357   1.7703   0.4789   1.2526   0.0764   0.7071   0.7071   0.0261   0.0000  -0.1689   0.3454    0.489
    45  -2.4057   1.7167   0.4695   1.2221   0.0763   0.7115   0.7114   0.0264   0.0000  -0.1700   0.3476    0.489
    46  -2.6723   1.6637   0.4384   1.1873   0.0749   0.7132   0.7132   0.0260   0.0000  -0.1706   0.3486    0.489
    47  -2.9325   1.6120   0.4201   1.1449   0.0738   0.7098   0.7097   0.0270   0.0000  -0.1703   0.3475    0.490
    48  -3.1884   1.5612   0.3979   1.1018   0.0734   0.7053   0.7052   0.0265   0.0000  -0.1701   0.3462    0.491
    49  -3.4372   1.5118   0.3724   1.0523   0.0741   0.6956   0.6955   0.0266   0.0000  -0.1692   0.3429    0.493
    50  -3.6775   1.4641   0.3480   0.9982   0.0758   0.6813   0.6812   0.0273   0.0000  -0.1678   0.3379    0.496
    51  -3.9066   1.4186   0.3174   0.9386   0.0786   0.6611   0.6611   0.0279   0.0000  -0.1657   0.3307    0.501
    52  -4.1206   1.3761   0.2853   0.8742   0.0827   0.6348   0.6347   0.0282   0.0000  -0.1626   0.3210    0.506
    53  -4.3172   1.3370   0.2522   0.8048   0.0883   0.6014   0.6013   0.0278   0.0000  -0.1582   0.3083    0.513
    54  -4.4942   1.3019   0.2186   0.7279   0.0953   0.5586   0.5585   0.0276   0.0000  -0.1516   0.2911    0.522
    55  -4.6536   1.2702   0.1944   0.6433   0.1041   0.5058   0.5058   0.0266   0.0000  -0.1424   0.2687    0.532
    56  -4.7929   1.2426   0.1585   0.5472   0.1146   0.4398   0.4398   0.0246   0.0000  -0.1289   0.2387    0.543
    57  -4.9062   1.2201   0.1229   0.4412   0.1264   0.3611   0.3610   0.0215   0.0000  -0.1102   0.2004    0.555
    58  -4.9923   1.2030   0.0875   0.3250   0.1388   0.2698   0.2698   0.0169   0.0000  -0.0856   0.1530    0.567
    59  -5.0502   1.1915   0.0524   0.1999   0.1510   0.1675   0.1675   0.0113   0.0000  -0.0549   0.0967    0.578
    60  -5.0794   1.1857   0.0174   0.0677   0.1594   0.0570   0.0570   0.0042   0.0000  -0.0190   0.0333    0.584

  Surface # 3     horizontal_stabilizer                   
     # Chordwise = 10   # Spanwise = 30     First strip = 61
     Surface area =    2.000000       Ave. chord =    1.000000
     CLsurf  =  -0.00628     Clsurf  =   0.00066
     CYsurf  =   0.00004     Cmsurf  =   0.01670
     CDsurf  =  -0.00030     Cnsurf  =  -0.00003
     CDisurf =  -0.00030     CDvsurf =   0.00000

  Forces referred to Ssurf, Cave about hinge axis thru LE
     CLsurf  =  -0.05393     CDsurf  =  -0.00260
     Deflect =

 Strip Forces referred to Strip Area, Chord
    j      Yle    Chord     Area     c cl      ai      cl_norm  cl       cd       cdv    cm_c/4    cm_LE  C.P.x/c
    61   0.0014   1.1973   0.0069  -0.0332   0.0345  -0.0278  -0.0277  -0.0008   0.0000   0.0006   0.0075    0.271
    62   0.0129   1.1951   0.0205  -0.0332   0.0345  -0.0278  -0.0277  -0.0010   0.0000   0.0006   0.0075    0.270
    63   0.0357   1.1906   0.0338  -0.0332   0.0346  -0.0280  -0.0279  -0.0010   0.0000   0.0006   0.0075    0.270
    64   0.0696   1.1839   0.0465  -0.0334   0.0346  -0.0283  -0.0282  -0.0011   0.0000   0.0005   0.0075    0.269
    65   0.1141   1.1751   0.0585  -0.0338   0.0347  -0.0288  -0.0287  -0.0011   0.0000   0.0005   0.0076    0.266
    66   0.1689   1.1642   0.0695  -0.0345   0.0349  -0.0297  -0.0296  -0.0011   0.0000   0.0004   0.0078    0.263
    67   0.2315   1.1519   0.0750  -0.0357   0.0351  -0.0311  -0.0310  -0.0012   0.0000   0.0003   0.0080    0.259
    68   0.3008   1.1382   0.0833  -0.0375   0.0354  -0.0330  -0.0329  -0.0013   0.0000   0.0001   0.0083    0.253
    69   0.3777   1.1230   0.0903  -0.0399   0.0358  -0.0356  -0.0355  -0.0014   0.0000  -0.0001   0.0087    0.247
    70   0.4614   1.1064   0.0960  -0.0429   0.0362  -0.0388  -0.0387  -0.0016   0.0000  -0.0004   0.0093    0.240
    71   0.5511   1.0887   0.1004  -0.0465   0.0368  -0.0428  -0.0427  -0.0018   0.0000  -0.0007   0.0099    0.233
    72   0.6456   1.0700   0.1034  -0.0506   0.0375  -0.0474  -0.0473  -0.0020   0.0000  -0.0011   0.0107    0.227
    73   0.7441   1.0506   0.1050  -0.0550   0.0382  -0.0525  -0.0523  -0.0023   0.0000  -0.0015   0.0115    0.221
    74   0.8453   1.0306   0.1054  -0.0594   0.0390  -0.0578  -0.0576  -0.0026   0.0000  -0.0020   0.0124    0.216
    75   0.9482   1.0102   0.1044  -0.0635   0.0396  -0.0630  -0.0628  -0.0030   0.0000  -0.0024   0.0132    0.211
    76   1.0518   0.9898   0.1023  -0.0671   0.0401  -0.0680  -0.0677  -0.0033   0.0000  -0.0029   0.0140    0.207
    77   1.1547   0.9694   0.0991  -0.0699   0.0404  -0.0722  -0.0720  -0.0036   0.0000  -0.0033   0.0146    0.204
    78   1.2559   0.9494   0.0949  -0.0716   0.0406  -0.0756  -0.0754  -0.0039   0.0000  -0.0038   0.0150    0.200
    79   1.3544   0.9300   0.0899  -0.0722   0.0405  -0.0778  -0.0776  -0.0041   0.0000  -0.0042   0.0152    0.196
    80   1.4489   0.9113   0.0840  -0.0716   0.0404  -0.0787  -0.0784  -0.0042   0.0000  -0.0045   0.0151    0.193
    81   1.5386   0.8936   0.0776  -0.0697   0.0401  -0.0781  -0.0779  -0.0042   0.0000  -0.0048   0.0146    0.188
    82   1.6223   0.8770   0.0705  -0.0665   0.0397  -0.0760  -0.0757  -0.0041   0.0000  -0.0051   0.0138    0.183
    83   1.6992   0.8618   0.0631  -0.0622   0.0394  -0.0723  -0.0721  -0.0039   0.0000  -0.0052   0.0127    0.177
    84   1.7685   0.8481   0.0552  -0.0567   0.0390  -0.0670  -0.0668  -0.0037   0.0000  -0.0053   0.0114    0.171
    85   1.8311   0.8358   0.0499  -0.0502   0.0386  -0.0601  -0.0600  -0.0033   0.0000  -0.0052   0.0098    0.164
    86   1.8859   0.8249   0.0411  -0.0425   0.0382  -0.0516  -0.0514  -0.0028   0.0000  -0.0048   0.0080    0.156
    87   1.9304   0.8161   0.0321  -0.0340   0.0379  -0.0417  -0.0416  -0.0023   0.0000  -0.0042   0.0061    0.148
    88   1.9643   0.8094   0.0230  -0.0248   0.0376  -0.0306  -0.0305  -0.0016   0.0000  -0.0033   0.0043    0.141
    89   1.9871   0.8049   0.0138  -0.0151   0.0374  -0.0187  -0.0187  -0.0010   0.0000  -0.0021   0.0025    0.135
    90   1.9986   0.8027   0.0046  -0.0051   0.0373  -0.0063  -0.0063  -0.0004   0.0000  -0.0007   0.0008    0.132

  Surface # 4     horizontal_stabilizer (YDUP)            
     # Chordwise = 10   # Spanwise = 30     First strip = 91
     Surface area =    2.000000       Ave. chord =    1.000000
     CLsurf  =  -0.00628     Clsurf  =  -0.00066
     CYsurf  =  -0.00004     Cmsurf  =   0.01670
     CDsurf  =  -0.00030     Cnsurf  =   0.00003
     CDisurf =  -0.00030     CDvsurf =   0.00000

  Forces referred to Ssurf, Cave about hinge axis thru LE
     CLsurf  =  -0.05393     CDsurf  =  -0.00260
     Deflect =

 Strip Forces referred to Strip Area, Chord
    j      Yle    Chord     Area     c cl      ai      cl_norm  cl       cd       cdv    cm_c/4    cm_LE  C.P.x/c
    91  -0.0014   1.1973   0.0069  -0.0332   0.0345  -0.0278  -0.0277  -0.0008   0.0000   0.0006  -0.0075    0.271
    92  -0.0129   1.1951   0.0205  -0.0332   0.0345  -0.0278  -0.0277  -0.0010   0.0000   0.0006  -0.0075    0.270
    93  -0.0357   1.1906   0.0338  -0.0332   0.0346  -0.0280  -0.0279  -0.0010   0.0000   0.0006  -0.0075    0.270
    94  -0.0696   1.1839   0.0465  -0.0334   0.0346  -0.0283  -0.0282  -0.0011   0.0000   0.0005  -0.0075    0.269
    95  -0.1141   1.1751   0.0585  -0.0338   0.0347  -0.0288  -0.0287  -0.0011   0.0000   0.0005  -0.0076    0.266
    96  -0.1689   1.1642   0.0695  -0.0345   0.0349  -0.0297  -0.0296  -0.0011   0.0000   0.0004  -0.0078    0.263
    97  -0.2315   1.1519   0.0750  -0.0357   0.0351  -0.0311  -0.0310  -0.0012   0.0000   0.0003  -0.0080    0.259
    98  -0.3008   1.1382   0.0833  -0.0375   0.0354  -0.0330  -0.0329  -0.0013   0.0000   0.0001  -0.0083    0.253
    99  -0.3777   1.1230   0.0903  -0.0399   0.0358  -0.0356  -0.0355  -0.0014   0.0000  -0.0001  -0.0087    0.247
   100  -0.4614   1.1064   0.0960  -0.0429   0.0362  -0.0388  -0.0387  -0.0016   0.0000  -0.0004  -0.0093    0.240
   101  -0.5511   1.0887   0.1004  -0.0465   0.0368  -0.0428  -0.0427  -0.0018   0.0000  -0.0007  -0.0099    0.233
   102  -0.6456   1.0700   0.1034  -0.0506   0.0375  -0.0474  -0.0473  -0.0020   0.0000  -0.0011  -0.0107    0.227
   103  -0.7441   1.0506   0.1050  -0.0550   0.0382  -0.0525  -0.0523  -0.0023   0.0000  -0.0015  -0.0115    0.221
   104  -0.8453   1.0306   0.1054  -0.0594   0.0390  -0.0578  -0.0576  -0.0026   0.0000  -0.0020  -0.0124    0.216
   105  -0.9482   1.0102   0.1044  -0.0635   0.0396  -0.0630  -0.0628  -0.0030   0.0000  -0.0024  -0.0132    0.211
   106  -1.0518   0.9898   0.1023  -0.0671   0.0401  -0.0680  -0.0677  -0.0033   0.0000  -0.0029  -0.0140    0.207
   107  -1.1547   0.9694   0.0991  -0.0699   0.0404  -0.0722  -0.0720  -0.0036   0.0000  -0.0033  -0.0146    0.204
   108  -1.2559   0.9494   0.0949  -0.0716   0.0406  -0.0756  -0.0754  -0.0039   0.0000  -0.0038  -0.0150    0.200
   109  -1.3544   0.9300   0.0899  -0.0722   0.0405  -0.0778  -0.0776  -0.0041   0.0000  -0.0042  -0.0152    0.196
   110  -1.4489   0.9113   0.0840  -0.0716   0.0404  -0.0787  -0.0784  -0.0042   0.0000  -0.0045  -0.0151    0.193
   111  -1.5386   0.8936   0.0776  -0.0697   0.0401  -0.0781  -0.0779  -0.0042   0.0000  -0.0048  -0.0146    0.188
   112  -1.6223   0.8770   0.0705  -0.0665   0.0397  -0.0760  -0.0757  -0.0041   0.0000  -0.0051  -0.0138    0.183
   113  -1.6992   0.8618   0.0631  -0.0622   0.0394  -0.0723  -0.0721  -0.0039   0.0000  -0.0052  -0.0127    0.177
   114  -1.7685   0.8481   0.0552  -0.0567   0.0390  -0.0670  -0.0668  -0.0037   0.0000  -0.0053  -0.0114    0.171
   115  -1.8311   0.8358   0.0499  -0.0502   0.0386  -0.0601  -0.0600  -0.0033   0.0000  -0.0052  -0.0098    0.164
   116  -1.8859   0.8249   0.0411  -0.0425   0.0382  -0.0516  -0.0514  -0.0028   0.0000  -0.0048  -0.0080    0.156
   117  -1.9304   0.8161   0.0321  -0.0340   0.0379  -0.0417  -0.0416  -0.0023   0.0000  -0.0042  -0.0061    0.148
   118  -1.9643   0.8094   0.0230  -0.0248   0.0376  -0.0306  -0.0305  -0.0016   0.0000  -0.0033  -0.0043    0.141
   119  -1.9871   0.8049   0.0138  -0.0151   0.0374  -0.0187  -0.0187  -0.0010   0.0000  -0.0021  -0.0025    0.135
   120  -1.9986   0.8027   0.0046  -0.0051   0.0373  -0.0063  -0.0063  -0.0004   0.0000  -0.0007  -0.0008    0.132

  Surface # 5     vertical_stabilizer                     
     # Chordwise = 10   # Spanwise = 30     First strip =121
     Surface area =    1.162981       Ave. chord =    0.785002
     CLsurf  =   0.00000     Clsurf  =   0.00000
     CYsurf  =   0.00000     Cmsurf  =  -0.00000
     CDsurf  =  -0.00000     Cnsurf  =  -0.00000
     CDisurf =  -0.00000     CDvsurf =   0.00000

  Forces referred to Ssurf, Cave about hinge axis thru LE
     CLsurf  =  -0.00000     CDsurf  =  -0.00000
     Deflect =

 Strip Forces referred to Strip Area, Chord
    j      Yle    Chord     Area     c cl      ai      cl_norm  cl       cd       cdv    cm_c/4    cm_LE  C.P.x/c
   121   0.0000   1.0573   0.0140  -0.0000  -0.0000  -0.0000  -0.0000  -0.0000   0.0000  -0.0000   0.0000    0.166
   122   0.0000   1.0509   0.0227  -0.0000  -0.0000  -0.0000  -0.0000  -0.0000   0.0000  -0.0000   0.0000    0.178
   123   0.0000   1.0413   0.0311  -0.0000  -0.0000  -0.0000  -0.0000   0.0000   0.0000  -0.0000   0.0000    0.186
   124   0.0000   1.0287   0.0389  -0.0000   0.0000  -0.0000  -0.0000  -0.0000   0.0000  -0.0000   0.0000    0.162
   125   0.0000   1.0133   0.0461  -0.0000  -0.0000  -0.0000  -0.0000  -0.0000   0.0000  -0.0000   0.0000    0.199
   126   0.0000   0.9966   0.0440  -0.0000  -0.0000  -0.0000  -0.0000  -0.0000   0.0000  -0.0000   0.0000    0.194
   127   0.0000   0.9792   0.0488  -0.0000  -0.0000  -0.0000  -0.0000   0.0000   0.0000  -0.0000   0.0000    0.201
   128   0.0000   0.9597   0.0527  -0.0000   0.0000  -0.0000  -0.0000  -0.0000   0.0000  -0.0000   0.0000    0.203
   129   0.0000   0.9385   0.0559  -0.0000   0.0000  -0.0000  -0.0000  -0.0000   0.0000  -0.0000   0.0000    0.185
   130   0.0000   0.9157   0.0582  -0.0000   0.0000  -0.0000  -0.0000  -0.0000   0.0000  -0.0000   0.0000    0.195
   131   0.0000   0.8915   0.0596  -0.0000   0.0000  -0.0000  -0.0000  -0.0000   0.0000  -0.0000   0.0000    0.196
   132   0.0000   0.8662   0.0602  -0.0000   0.0000  -0.0000  -0.0000  -0.0000   0.0000  -0.0000   0.0000    0.193
   133   0.0000   0.8401   0.0601  -0.0000   0.0000  -0.0000  -0.0000  -0.0000   0.0000  -0.0000   0.0000    0.217
   134   0.0000   0.8133   0.0592  -0.0000   0.0000  -0.0000  -0.0000  -0.0000   0.0000  -0.0000   0.0000    0.199
   135   0.0000   0.7863   0.0576  -0.0000   0.0000  -0.0000  -0.0000  -0.0000   0.0000  -0.0000   0.0000    0.198
   136   0.0000   0.7592   0.0554  -0.0000  -0.0000  -0.0000  -0.0000  -0.0000   0.0000  -0.0000   0.0000    0.193
   137   0.0000   0.7323   0.0527  -0.0000   0.0000  -0.0000  -0.0000  -0.0000   0.0000  -0.0000   0.0000    0.201
   138   0.0000   0.7060   0.0495  -0.0000  -0.0000  -0.0000  -0.0000  -0.0000   0.0000  -0.0000   0.0000    0.203
   139   0.0000   0.6804   0.0460  -0.0000  -0.0000  -0.0000  -0.0000  -0.0000   0.0000  -0.0000   0.0000    0.211
   140   0.0000   0.6560   0.0422  -0.0000   0.0000  -0.0000  -0.0000  -0.0000   0.0000  -0.0000   0.0000    0.216
   141   0.0000   0.6328   0.0383  -0.0000   0.0000  -0.0000  -0.0000  -0.0000   0.0000  -0.0000   0.0000    0.203
   142   0.0000   0.6112   0.0342  -0.0000  -0.0000  -0.0000  -0.0000  -0.0000   0.0000  -0.0000   0.0000    0.202
   143   0.0000   0.5914   0.0301  -0.0000   0.0000  -0.0000  -0.0000   0.0000   0.0000  -0.0000   0.0000    0.200
   144   0.0000   0.5736   0.0259  -0.0000   0.0000  -0.0000  -0.0000  -0.0000   0.0000  -0.0000   0.0000    0.192
   145   0.0000   0.5570   0.0246  -0.0000  -0.0000  -0.0000  -0.0000  -0.0000   0.0000  -0.0000   0.0000    0.195
   146   0.0000   0.5419   0.0200  -0.0000   0.0000  -0.0000  -0.0000  -0.0000   0.0000  -0.0000   0.0000    0.175
   147   0.0000   0.5297   0.0154  -0.0000   0.0000  -0.0000  -0.0000  -0.0000   0.0000  -0.0000   0.0000    0.162
   148   0.0000   0.5204   0.0109  -0.0000  -0.0000  -0.0000  -0.0000  -0.0000   0.0000  -0.0000   0.0000    0.146
   149   0.0000   0.5141   0.0065  -0.0000   0.0000  -0.0000  -0.0000  -0.0000   0.0000  -0.0000   0.0000    0.144
   150   0.0000   0.5110   0.0022  -0.0000  -0.0000  -0.0000  -0.0000  -0.0000   0.0000  -0.0000   0.0000    0.124
 ---------------------------------------------------------------
