 ---------------------------------------------------------------
 Surface and Strip Forces by surface

  Forces referred to Sref, Cref, Bref about Xref, Yref, Zref
 Standard axis orientation,  X fwd, Z down         

  Surface # 1     main_wing                               
     # Chordwise = 10   # Spanwise = 30     First strip =  1
     Surface area =    8.662745       Ave. chord =    1.689678
     CLsurf  =   0.51700     Clsurf  =  -0.11097
     CYsurf  =  -0.07286     Cmsurf  =  -0.05484
     CDsurf  =   0.02893     Cnsurf  =  -0.00469
     CDisurf =   0.02893     CDvsurf =   0.00000

  Forces referred to Ssurf, Cave about hinge axis thru LE
     CLsurf  =   1.03524     CDsurf  =   0.05737
     Deflect =

 Strip Forces referred to Strip Area, Chord
    j      Yle    Chord     Area     c cl      ai      cl_norm  cl       cd       cdv    cm_c/4    cm_LE  C.P.x/c
     1   0.0034   2.1937   0.0299   2.7373   0.0155   1.2463   1.2459   0.0913   0.0000  -0.0617  -0.3736    0.300
     2   0.0304   2.1884   0.0891   2.0237   0.0175   0.9260   0.9257   0.0485   0.0000  -0.0585  -0.2898    0.313
     3   0.0840   2.1777   0.1468   1.9759   0.0237   0.9092   0.9089   0.0420   0.0000  -0.0598  -0.2868    0.316
     4   0.1638   2.1619   0.2017   1.9738   0.0341   0.9154   0.9150   0.0387   0.0000  -0.0639  -0.2922    0.320
     5   0.2688   2.1410   0.2531   1.9811   0.0482   0.9281   0.9277   0.0361   0.0000  -0.0712  -0.3027    0.327
     6   0.3979   2.1154   0.3000   2.0286   0.0658   0.9610   0.9606   0.0445   0.0000  -0.0811  -0.3209    0.334
     7   0.5496   2.0852   0.3417   2.0584   0.0866   0.9894   0.9890   0.0445   0.0000  -0.0958  -0.3426    0.347
     8   0.7223   2.0509   0.3776   2.0772   0.1108   1.0156   1.0152   0.0410   0.0000  -0.1151  -0.3683    0.363
     9   0.9142   2.0128   0.4073   2.1252   0.1387   1.0578   1.0574   0.0510   0.0000  -0.1331  -0.3970    0.376
    10   1.1285   1.9703   0.4526   2.1321   0.1487   1.0839   1.0835   0.0540   0.0000  -0.1481  -0.4186    0.387
    11   1.3637   1.9236   0.4694   2.1370   0.1381   1.1124   1.1120   0.0589   0.0000  -0.1562  -0.4339    0.390
    12   1.6118   1.8743   0.4793   2.1124   0.1282   1.1284   1.1279   0.0606   0.0000  -0.1608  -0.4426    0.393
    13   1.8700   1.8230   0.4823   2.0714   0.1183   1.1374   1.1369   0.0631   0.0000  -0.1636  -0.4476    0.394
    14   2.1357   1.7703   0.4789   2.0261   0.1095   1.1456   1.1452   0.0635   0.0000  -0.1653  -0.4514    0.394
    15   2.4057   1.7167   0.4695   1.9714   0.1049   1.1495   1.1490   0.0640   0.0000  -0.1663  -0.4533    0.395
    16   2.6723   1.6637   0.4384   1.9122   0.1037   1.1506   1.1502   0.0629   0.0000  -0.1666  -0.4539    0.395
    17   2.9325   1.6120   0.4201   1.8383   0.1042   1.1412   1.1408   0.0652   0.0000  -0.1660  -0.4510    0.396
    18   3.1884   1.5612   0.3979   1.7674   0.1058   1.1331   1.1326   0.0638   0.0000  -0.1654  -0.4484    0.396
    19   3.4372   1.5118   0.3724   1.6845   0.1084   1.1151   1.1147   0.0637   0.0000  -0.1640  -0.4425    0.397
    20   3.6775   1.4641   0.3480   1.5945   0.1121   1.0895   1.0891   0.0653   0.0000  -0.1619  -0.4341    0.399
    21   3.9066   1.4186   0.3174   1.4950   0.1172   1.0539   1.0535   0.0665   0.0000  -0.1589  -0.4224    0.401
    22   4.1206   1.3761   0.2853   1.3885   0.1238   1.0087   1.0083   0.0669   0.0000  -0.1548  -0.4071    0.404
    23   4.3172   1.3370   0.2522   1.2745   0.1320   0.9526   0.9522   0.0658   0.0000  -0.1494  -0.3876    0.407
    24   4.4942   1.3019   0.2186   1.1479   0.1418   0.8806   0.8803   0.0650   0.0000  -0.1418  -0.3621    0.411
    25   4.6536   1.2702   0.1944   1.0100   0.1535   0.7937   0.7934   0.0622   0.0000  -0.1316  -0.3304    0.416
    26   4.7929   1.2426   0.1585   0.8543   0.1668   0.6859   0.6856   0.0575   0.0000  -0.1177  -0.2895    0.422
    27   4.9062   1.2201   0.1229   0.6851   0.1812   0.5598   0.5596   0.0498   0.0000  -0.0994  -0.2397    0.428
    28   4.9923   1.2030   0.0875   0.5020   0.1959   0.4158   0.4156   0.0389   0.0000  -0.0764  -0.1807    0.434
    29   5.0502   1.1915   0.0524   0.3074   0.2098   0.2569   0.2568   0.0252   0.0000  -0.0486  -0.1130    0.439
    30   5.0794   1.1857   0.0174   0.1038   0.2193   0.0871   0.0871   0.0090   0.0000  -0.0168  -0.0386    0.442

  Surface # 2     main_wing (YDUP)                        
     # Chordwise = 10   # Spanwise = 30     First strip = 31
     Surface area =    8.662745       Ave. chord =    1.689678
     CLsurf  =   0.51700     Clsurf  =   0.11097
     CYsurf  =   0.07286     Cmsurf  =  -0.05484
     CDsurf  =   0.02893     Cnsurf  =   0.00469
     CDisurf =   0.02893     CDvsurf =   0.00000

  Forces referred to Ssurf, Cave about hinge axis thru LE
     CLsurf  =   1.03524     CDsurf  =   0.05737
     Deflect =

 Strip Forces referred to Strip Area, Chord
    j      Yle    Chord     Area     c cl      ai      cl_norm  cl       cd       cdv    cm_c/4    cm_LE  C.P.x/c
    31  -0.0034   2.1937   0.0299   2.7373   0.0155   1.2463   1.2459   0.0913   0.0000  -0.0617   0.3736    0.300
    32  -0.0304   2.1884   0.0891   2.0237   0.0175   0.9260   0.9257   0.0485   0.0000  -0.0585   0.2898    0.313
    33  -0.0840   2.1777   0.1468   1.9759   0.0237   0.9092   0.9089   0.0420   0.0000  -0.0598   0.2868    0.316
    34  -0.1638   2.1619   0.2017   1.9738   0.0341   0.9154   0.9150   0.0387   0.0000  -0.0639   0.2922    0.320
    35  -0.2688   2.1410   0.2531   1.9811   0.0482   0.9281   0.9277   0.0361   0.0000  -0.0712   0.3027    0.327
    36  -0.3979   2.1154   0.3000   2.0286   0.0658   0.9610   0.9606   0.0445   0.0000  -0.0811   0.3209    0.334
    37  -0.5496   2.0852   0.3417   2.0584   0.0866   0.9894   0.9890   0.0445   0.0000  -0.0958   0.3426    0.347
    38  -0.7223   2.0509   0.3776   2.0772   0.1108   1.0156   1.0152   0.0410   0.0000  -0.1151   0.3683    0.363
    39  -0.9142   2.0128   0.4073   2.1252   0.1387   1.0578   1.0574   0.0510   0.0000  -0.1331   0.3970    0.376
    40  -1.1285   1.9703   0.4526   2.1321   0.1487   1.0839   1.0835   0.0540   0.0000  -0.1481   0.4186    0.387
    41  -1.3637   1.9236   0.4694   2.1370   0.1381   1.1124   1.1120   0.0589   0.0000  -0.1562   0.4339    0.390
    42  -1.6118   1.8743   0.4793   2.1124   0.1282   1.1284   1.1279   0.0606   0.0000  -0.1608   0.4426    0.393
    43  -1.8700   1.8230   0.4823   2.0714   0.1183   1.1374   1.1369   0.0631   0.0000  -0.1636   0.4476    0.394
    44  -2.1357   1.7703   0.4789   2.0261   0.1095   1.1456   1.1452   0.0635   0.0000  -0.1653   0.4514    0.394
    45  -2.4057   1.7167   0.4695   1.9714   0.1049   1.1495   1.1490   0.0640   0.0000  -0.1663   0.4533    0.395
    46  -2.6723   1.6637   0.4384   1.9122   0.1037   1.1506   1.1502   0.0629   0.0000  -0.1666   0.4539    0.395
    47  -2.9325   1.6120   0.4201   1.8383   0.1042   1.1412   1.1408   0.0652   0.0000  -0.1660   0.4510    0.396
    48  -3.1884   1.5612   0.3979   1.7674   0.1058   1.1331   1.1326   0.0638   0.0000  -0.1654   0.4484    0.396
    49  -3.4372   1.5118   0.3724   1.6845   0.1083   1.1151   1.1147   0.0637   0.0000  -0.1640   0.4425    0.397
    50  -3.6775   1.4641   0.3480   1.5944   0.1121   1.0895   1.0891   0.0653   0.0000  -0.1619   0.4341    0.399
    51  -3.9066   1.4186   0.3174   1.4950   0.1172   1.0539   1.0535   0.0665   0.0000  -0.1589   0.4224    0.401
    52  -4.1206   1.3761   0.2853   1.3885   0.1238   1.0087   1.0083   0.0669   0.0000  -0.1548   0.4070    0.404
    53  -4.3172   1.3370   0.2522   1.2745   0.1320   0.9526   0.9522   0.0658   0.0000  -0.1494   0.3876    0.407
    54  -4.4942   1.3019   0.2186   1.1479   0.1418   0.8806   0.8803   0.0650   0.0000  -0.1418   0.3621    0.411
    55  -4.6536   1.2702   0.1944   1.0100   0.1535   0.7937   0.7934   0.0622   0.0000  -0.1316   0.3304    0.416
    56  -4.7929   1.2426   0.1585   0.8543   0.1668   0.6859   0.6856   0.0575   0.0000  -0.1177   0.2895    0.422
    57  -4.9062   1.2201   0.1229   0.6851   0.1812   0.5598   0.5596   0.0498   0.0000  -0.0994   0.2397    0.428
    58  -4.9923   1.2030   0.0875   0.5020   0.1959   0.4158   0.4156   0.0389   0.0000  -0.0764   0.1807    0.434
    59  -5.0502   1.1915   0.0524   0.3074   0.2098   0.2569   0.2568   0.0252   0.0000  -0.0486   0.1130    0.439
    60  -5.0794   1.1857   0.0174   0.1038   0.2193   0.0871   0.0871   0.0090   0.0000  -0.0168   0.0386    0.442

  Surface # 3     horizontal_stabilizer                   
     # Chordwise = 10   # Spanwise = 30     First strip = 61
     Surface area =    2.000000       Ave. chord =    1.000000
     CLsurf  =   0.01557     Clsurf  =  -0.00119
     CYsurf  =  -0.00025     Cmsurf  =  -0.04179
     CDsurf  =   0.00156     Cnsurf  =   0.00010
     CDisurf =   0.00156     CDvsurf =   0.00000

  Forces referred to Ssurf, Cave about hinge axis thru LE
     CLsurf  =   0.13376     CDsurf  =   0.01339
     Deflect =

 Strip Forces referred to Strip Area, Chord
    j      Yle    Chord     Area     c cl      ai      cl_norm  cl       cd       cdv    cm_c/4    cm_LE  C.P.x/c
    61   0.0014   1.1973   0.0069   0.2059   0.1057   0.1704   0.1699   0.0275   0.0000   0.0015  -0.0413    0.241
    62   0.0129   1.1951   0.0205   0.2059   0.1056   0.1720   0.1715   0.0174   0.0000   0.0015  -0.0413    0.241
    63   0.0357   1.1906   0.0338   0.2058   0.1054   0.1726   0.1721   0.0167   0.0000   0.0016  -0.0414    0.241
    64   0.0696   1.1839   0.0465   0.2054   0.1052   0.1733   0.1728   0.0165   0.0000   0.0017  -0.0414    0.240
    65   0.1141   1.1751   0.0585   0.2046   0.1050   0.1740   0.1734   0.0164   0.0000   0.0018  -0.0415    0.239
    66   0.1689   1.1642   0.0695   0.2032   0.1049   0.1744   0.1739   0.0165   0.0000   0.0020  -0.0415    0.239
    67   0.2315   1.1519   0.0750   0.2010   0.1048   0.1744   0.1738   0.0164   0.0000   0.0020  -0.0414    0.238
    68   0.3008   1.1382   0.0833   0.1979   0.1047   0.1737   0.1732   0.0164   0.0000   0.0020  -0.0412    0.238
    69   0.3777   1.1230   0.0903   0.1937   0.1047   0.1723   0.1718   0.0162   0.0000   0.0019  -0.0409    0.239
    70   0.4614   1.1064   0.0960   0.1882   0.1049   0.1699   0.1694   0.0162   0.0000   0.0018  -0.0405    0.239
    71   0.5511   1.0887   0.1004   0.1816   0.1051   0.1666   0.1660   0.0163   0.0000   0.0016  -0.0399    0.240
    72   0.6456   1.0700   0.1034   0.1738   0.1055   0.1622   0.1617   0.0158   0.0000   0.0014  -0.0390    0.242
    73   0.7441   1.0506   0.1050   0.1651   0.1060   0.1569   0.1565   0.0152   0.0000   0.0011  -0.0380    0.243
    74   0.8453   1.0306   0.1054   0.1556   0.1065   0.1508   0.1503   0.0149   0.0000   0.0008  -0.0367    0.245
    75   0.9482   1.0102   0.1044   0.1456   0.1071   0.1439   0.1435   0.0145   0.0000   0.0005  -0.0353    0.246
    76   1.0518   0.9898   0.1023   0.1354   0.1077   0.1366   0.1361   0.0140   0.0000   0.0003  -0.0337    0.248
    77   1.1547   0.9694   0.0991   0.1252   0.1082   0.1289   0.1285   0.0134   0.0000   0.0002  -0.0319    0.249
    78   1.2559   0.9494   0.0949   0.1152   0.1086   0.1210   0.1206   0.0128   0.0000   0.0001  -0.0300    0.249
    79   1.3544   0.9300   0.0899   0.1053   0.1091   0.1130   0.1126   0.0119   0.0000   0.0001  -0.0280    0.249
    80   1.4489   0.9113   0.0840   0.0958   0.1095   0.1049   0.1045   0.0110   0.0000   0.0002  -0.0259    0.248
    81   1.5386   0.8936   0.0776   0.0865   0.1099   0.0966   0.0963   0.0105   0.0000   0.0003  -0.0238    0.247
    82   1.6223   0.8770   0.0705   0.0775   0.1104   0.0881   0.0878   0.0096   0.0000   0.0005  -0.0215    0.244
    83   1.6992   0.8618   0.0631   0.0686   0.1108   0.0794   0.0792   0.0087   0.0000   0.0007  -0.0191    0.241
    84   1.7685   0.8481   0.0552   0.0599   0.1113   0.0704   0.0702   0.0077   0.0000   0.0009  -0.0167    0.238
    85   1.8311   0.8358   0.0499   0.0510   0.1117   0.0608   0.0607   0.0067   0.0000   0.0010  -0.0142    0.233
    86   1.8859   0.8249   0.0411   0.0419   0.1122   0.0507   0.0505   0.0057   0.0000   0.0011  -0.0116    0.228
    87   1.9304   0.8161   0.0321   0.0327   0.1127   0.0400   0.0399   0.0045   0.0000   0.0011  -0.0089    0.224
    88   1.9643   0.8094   0.0230   0.0235   0.1131   0.0289   0.0288   0.0033   0.0000   0.0009  -0.0063    0.219
    89   1.9871   0.8049   0.0138   0.0141   0.1134   0.0175   0.0174   0.0020   0.0000   0.0006  -0.0038    0.216
    90   1.9986   0.8027   0.0046   0.0047   0.1136   0.0059   0.0058   0.0007   0.0000   0.0002  -0.0013    0.214

  Surface # 4     horizontal_stabilizer (YDUP)            
     # Chordwise = 10   # Spanwise = 30     First strip = 91
     Surface area =    2.000000       Ave. chord =    1.000000
     CLsurf  =   0.01557     Clsurf  =   0.00119
     CYsurf  =   0.00025     Cmsurf  =  -0.04179
     CDsurf  =   0.00156     Cnsurf  =  -0.00010
     CDisurf =   0.00156     CDvsurf =   0.00000

  Forces referred to Ssurf, Cave about hinge axis thru LE
     CLsurf  =   0.13376     CDsurf  =   0.01339
     Deflect =

 Strip Forces referred to Strip Area, Chord
    j      Yle    Chord     Area     c cl      ai      cl_norm  cl       cd       cdv    cm_c/4    cm_LE  C.P.x/c
    91  -0.0014   1.1973   0.0069   0.2059   0.1057   0.1704   0.1699   0.0275   0.0000   0.0015   0.0413    0.241
    92  -0.0129   1.1951   0.0205   0.2059   0.1056   0.1720   0.1715   0.0174   0.0000   0.0015   0.0413    0.241
    93  -0.0357   1.1906   0.0338   0.2058   0.1054   0.1726   0.1721   0.0167   0.0000   0.0016   0.0414    0.241
    94  -0.0696   1.1839   0.0465   0.2054   0.1052   0.1733   0.1728   0.0165   0.0000   0.0017   0.0414    0.240
    95  -0.1141   1.1751   0.0585   0.2046   0.1050   0.1740   0.1734   0.0164   0.0000   0.0018   0.0415    0.239
    96  -0.1689   1.1642   0.0695   0.2032   0.1049   0.1744   0.1739   0.0165   0.0000   0.0020   0.0415    0.239
    97  -0.2315   1.1519   0.0750   0.2010   0.1048   0.1744   0.1738   0.0164   0.0000   0.0020   0.0414    0.238
    98  -0.3008   1.1382   0.0833   0.1979   0.1047   0.1737   0.1732   0.0164   0.0000   0.0020   0.0412    0.238
    99  -0.3777   1.1230   0.0903   0.1937   0.1047   0.1723   0.1718   0.0162   0.0000   0.0019   0.0409    0.239
   100  -0.4614   1.1064   0.0960   0.1882   0.1049   0.1699   0.1694   0.0162   0.0000   0.0018   0.0405    0.239
   101  -0.5511   1.0887   0.1004   0.1816   0.1051   0.1666   0.1660   0.0163   0.0000   0.0016   0.0399    0.240
   102  -0.6456   1.0700   0.1034   0.1738   0.1055   0.1622   0.1617   0.0158   0.0000   0.0014   0.0390    0.242
   103  -0.7441   1.0506   0.1050   0.1651   0.1060   0.1569   0.1565   0.0152   0.0000   0.0011   0.0380    0.243
   104  -0.8453   1.0306   0.1054   0.1556   0.1065   0.1508   0.1503   0.0149   0.0000   0.0008   0.0367    0.245
   105  -0.9482   1.0102   0.1044   0.1456   0.1071   0.1439   0.1435   0.0145   0.0000   0.0005   0.0353    0.246
   106  -1.0518   0.9898   0.1023   0.1354   0.1077   0.1366   0.1361   0.0140   0.0000   0.0003   0.0337    0.248
   107  -1.1547   0.9694   0.0991   0.1252   0.1082   0.1289   0.1285   0.0134   0.0000   0.0002   0.0319    0.249
   108  -1.2559   0.9494   0.0949   0.1151   0.1086   0.1210   0.1206   0.0128   0.0000   0.0001   0.0300    0.249
   109  -1.3544   0.9300   0.0899   0.1053   0.1091   0.1130   0.1126   0.0119   0.0000   0.0001   0.0280    0.249
   110  -1.4489   0.9113   0.0840   0.0958   0.1095   0.1049   0.1045   0.0110   0.0000   0.0002   0.0259    0.248
   111  -1.5386   0.8936   0.0776   0.0865   0.1099   0.0966   0.0963   0.0105   0.0000   0.0003   0.0238    0.247
   112  -1.6223   0.8770   0.0705   0.0775   0.1104   0.0881   0.0878   0.0096   0.0000   0.0005   0.0215    0.244
   113  -1.6992   0.8618   0.0631   0.0686   0.1108   0.0794   0.0792   0.0087   0.0000   0.0007   0.0191    0.241
   114  -1.7685   0.8481   0.0552   0.0599   0.1113   0.0704   0.0702   0.0077   0.0000   0.0009   0.0167    0.238
   115  -1.8311   0.8358   0.0499   0.0510   0.1117   0.0608   0.0607   0.0067   0.0000   0.0010   0.0142    0.233
   116  -1.8859   0.8249   0.0411   0.0419   0.1122   0.0507   0.0505   0.0057   0.0000   0.0011   0.0116    0.228
   117  -1.9304   0.8161   0.0321   0.0327   0.1127   0.0400   0.0399   0.0045   0.0000   0.0011   0.0089    0.224
   118  -1.9643   0.8094   0.0230   0.0235   0.1131   0.0289   0.0288   0.0033   0.0000   0.0009   0.0063    0.219
   119  -1.9871   0.8049   0.0138   0.0141   0.1134   0.0175   0.0174   0.0020   0.0000   0.0006   0.0038    0.216
   120  -1.9986   0.8027   0.0046   0.0047   0.1136   0.0059   0.0058   0.0007   0.0000   0.0002   0.0013    0.214

  Surface # 5     vertical_stabilizer                     
     # Chordwise = 10   # Spanwise = 30     First strip =121
     Surface area =    1.162981       Ave. chord =    0.785002
     CLsurf  =   0.00000     Clsurf  =   0.00000
     CYsurf  =   0.00000     Cmsurf  =  -0.00000
     CDsurf  =  -0.00000     Cnsurf  =  -0.00000
     CDisurf =  -0.00000     CDvsurf =   0.00000

  Forces referred to Ssurf, Cave about hinge axis thru LE
     CLsurf  =  -0.00000     CDsurf  =  -0.00000
     Deflect =

 Strip Forces referred to Strip Area, Chord
    j      Yle    Chord     Area     c cl      ai      cl_norm  cl       cd       cdv    cm_c/4    cm_LE  C.P.x/c
   121   0.0000   1.0573   0.0140  -0.0000   0.0000  -0.0000  -0.0000  -0.0000   0.0000  -0.0000   0.0000    0.167
   122   0.0000   1.0509   0.0227  -0.0000   0.0000  -0.0000  -0.0000  -0.0000   0.0000  -0.0000   0.0000    0.174
   123   0.0000   1.0413   0.0311  -0.0000   0.0000  -0.0000  -0.0000   0.0000   0.0000  -0.0000   0.0000    0.181
   124   0.0000   1.0287   0.0389  -0.0000   0.0000  -0.0000  -0.0000  -0.0000   0.0000  -0.0000   0.0000    0.172
   125   0.0000   1.0133   0.0461  -0.0000   0.0000  -0.0000  -0.0000  -0.0000   0.0000  -0.0000   0.0000    0.188
   126   0.0000   0.9966   0.0440  -0.0000   0.0000  -0.0000  -0.0000  -0.0000   0.0000  -0.0000   0.0000    0.186
   127   0.0000   0.9792   0.0488  -0.0000   0.0000  -0.0000  -0.0000  -0.0000   0.0000  -0.0000   0.0000    0.196
   128   0.0000   0.9597   0.0527  -0.0000   0.0000  -0.0000  -0.0000  -0.0000   0.0000  -0.0000   0.0000    0.201
   129   0.0000   0.9385   0.0559  -0.0000   0.0000  -0.0000  -0.0000  -0.0000   0.0000  -0.0000   0.0000    0.201
   130   0.0000   0.9157   0.0582  -0.0000   0.0000  -0.0000  -0.0000  -0.0000   0.0000  -0.0000   0.0000    0.205
   131   0.0000   0.8915   0.0596  -0.0000   0.0000  -0.0000  -0.0000  -0.0000   0.0000  -0.0000   0.0000    0.205
   132   0.0000   0.8662   0.0602  -0.0000   0.0000  -0.0000  -0.0000  -0.0000   0.0000  -0.0000   0.0000    0.208
   133   0.0000   0.8401   0.0601  -0.0000   0.0000  -0.0000  -0.0000  -0.0000   0.0000  -0.0000   0.0000    0.219
   134   0.0000   0.8133   0.0592  -0.0000   0.0000  -0.0000  -0.0000  -0.0000   0.0000  -0.0000   0.0000    0.216
   135   0.0000   0.7863   0.0576  -0.0000   0.0000  -0.0000  -0.0000  -0.0000   0.0000  -0.0000   0.0000    0.215
   136   0.0000   0.7592   0.0554  -0.0000   0.0000  -0.0000  -0.0000  -0.0000   0.0000  -0.0000   0.0000    0.215
   137   0.0000   0.7323   0.0527  -0.0000   0.0000  -0.0000  -0.0000  -0.0000   0.0000  -0.0000   0.0000    0.216
   138   0.0000   0.7060   0.0495  -0.0000   0.0000  -0.0000  -0.0000  -0.0000   0.0000  -0.0000   0.0000    0.217
   139   0.0000   0.6804   0.0460  -0.0000   0.0000  -0.0000  -0.0000  -0.0000   0.0000  -0.0000   0.0000    0.219
   140   0.0000   0.6560   0.0422  -0.0000   0.0000  -0.0000  -0.0000  -0.0000   0.0000  -0.0000   0.0000    0.219
   141   0.0000   0.6328   0.0383  -0.0000   0.0000  -0.0000  -0.0000  -0.0000   0.0000  -0.0000   0.0000    0.212
   142   0.0000   0.6112   0.0342  -0.0000   0.0000  -0.0000  -0.0000  -0.0000   0.0000  -0.0000   0.0000    0.208
   143   0.0000   0.5914   0.0301  -0.0000   0.0000  -0.0000  -0.0000  -0.0000   0.0000  -0.0000   0.0000    0.204
   144   0.0000   0.5736   0.0259  -0.0000   0.0000  -0.0000  -0.0000  -0.0000   0.0000  -0.0000   0.0000    0.196
   145   0.0000   0.5570   0.0246  -0.0000   0.0000  -0.0000  -0.0000  -0.0000   0.0000  -0.0000   0.0000    0.191
   146   0.0000   0.5419   0.0200  -0.0000   0.0000  -0.0000  -0.0000  -0.0000   0.0000  -0.0000   0.0000    0.179
   147   0.0000   0.5297   0.0154  -0.0000   0.0000  -0.0000  -0.0000  -0.0000   0.0000  -0.0000   0.0000    0.167
   148   0.0000   0.5204   0.0109  -0.0000   0.0000  -0.0000  -0.0000  -0.0000   0.0000  -0.0000   0.0000    0.157
   149   0.0000   0.5141   0.0065  -0.0000   0.0000  -0.0000  -0.0000  -0.0000   0.0000  -0.0000   0.0000    0.152
   150   0.0000   0.5110   0.0022  -0.0000   0.0000  -0.0000  -0.0000  -0.0000   0.0000  -0.0000   0.0000    0.140
 ---------------------------------------------------------------
