 ---------------------------------------------------------------
 Surface and Strip Forces by surface

  Forces referred to Sref, Cref, Bref about Xref, Yref, Zref
 Standard axis orientation,  X fwd, Z down         

  Surface # 1     main_wing                               
     # Chordwise = 10   # Spanwise = 30     First strip =  1
     Surface area =    8.662745       Ave. chord =    1.689678
     CLsurf  =   0.14055     Clsurf  =  -0.03320
     CYsurf  =  -0.01735     Cmsurf  =  -0.06504
     CDsurf  =   0.00262     Cnsurf  =   0.00327
     CDisurf =   0.00262     CDvsurf =   0.00000

  Forces referred to Ssurf, Cave about hinge axis thru LE
     CLsurf  =   0.28080     CDsurf  =   0.00520
     Deflect =

 Strip Forces referred to Strip Area, Chord
    j      Yle    Chord     Area     c cl      ai      cl_norm  cl       cd       cdv    cm_c/4    cm_LE  C.P.x/c
     1   0.0034   2.1937   0.0299   0.3381  -0.1072   0.1538   0.1538  -0.0120   0.0000  -0.0601  -0.0984    0.641
     2   0.0304   2.1884   0.0891   0.3055  -0.1039   0.1395   0.1395  -0.0057   0.0000  -0.0564  -0.0912    0.655
     3   0.0840   2.1777   0.1468   0.3073  -0.0963   0.1410   0.1410  -0.0051   0.0000  -0.0578  -0.0930    0.660
     4   0.1638   2.1619   0.2017   0.3179  -0.0846   0.1470   0.1470  -0.0045   0.0000  -0.0617  -0.0983    0.669
     5   0.2688   2.1410   0.2531   0.3384  -0.0691   0.1580   0.1580  -0.0041   0.0000  -0.0685  -0.1078    0.684
     6   0.3979   2.1154   0.3000   0.3714  -0.0502   0.1756   0.1756  -0.0028   0.0000  -0.0789  -0.1227    0.700
     7   0.5496   2.0852   0.3417   0.4160  -0.0279   0.1996   0.1996  -0.0014   0.0000  -0.0930  -0.1427    0.716
     8   0.7223   2.0509   0.3776   0.4675  -0.0022   0.2281   0.2281   0.0007   0.0000  -0.1098  -0.1665    0.731
     9   0.9142   2.0128   0.4073   0.5234   0.0277   0.2603   0.2603   0.0048   0.0000  -0.1281  -0.1928    0.742
    10   1.1285   1.9703   0.4526   0.5637   0.0407   0.2865   0.2865   0.0069   0.0000  -0.1423  -0.2135    0.747
    11   1.3637   1.9236   0.4694   0.5829   0.0351   0.3035   0.3035   0.0072   0.0000  -0.1497  -0.2251    0.743
    12   1.6118   1.8743   0.4793   0.5906   0.0338   0.3155   0.3155   0.0071   0.0000  -0.1541  -0.2325    0.738
    13   1.8700   1.8230   0.4823   0.5893   0.0386   0.3237   0.3237   0.0073   0.0000  -0.1566  -0.2371    0.734
    14   2.1357   1.7703   0.4789   0.5833   0.0468   0.3299   0.3299   0.0074   0.0000  -0.1583  -0.2403    0.730
    15   2.4057   1.7167   0.4695   0.5732   0.0501   0.3343   0.3343   0.0073   0.0000  -0.1593  -0.2424    0.726
    16   2.6723   1.6637   0.4384   0.5599   0.0486   0.3370   0.3370   0.0072   0.0000  -0.1599  -0.2436    0.724
    17   2.9325   1.6120   0.4201   0.5433   0.0463   0.3375   0.3375   0.0074   0.0000  -0.1600  -0.2439    0.724
    18   3.1884   1.5612   0.3979   0.5255   0.0446   0.3370   0.3370   0.0071   0.0000  -0.1600  -0.2438    0.725
    19   3.4372   1.5118   0.3724   0.5045   0.0437   0.3342   0.3342   0.0072   0.0000  -0.1596  -0.2427    0.728
    20   3.6775   1.4641   0.3480   0.4814   0.0438   0.3293   0.3293   0.0076   0.0000  -0.1589  -0.2408    0.733
    21   3.9066   1.4186   0.3174   0.4562   0.0449   0.3220   0.3220   0.0078   0.0000  -0.1578  -0.2378    0.740
    22   4.1206   1.3761   0.2853   0.4284   0.0470   0.3118   0.3118   0.0080   0.0000  -0.1559  -0.2334    0.750
    23   4.3172   1.3370   0.2522   0.3983   0.0504   0.2983   0.2983   0.0079   0.0000  -0.1529  -0.2270    0.762
    24   4.4942   1.3019   0.2186   0.3643   0.0553   0.2803   0.2803   0.0081   0.0000  -0.1481  -0.2177    0.778
    25   4.6536   1.2702   0.1944   0.3264   0.0618   0.2574   0.2574   0.0080   0.0000  -0.1406  -0.2046    0.796
    26   4.7929   1.2426   0.1585   0.2818   0.0702   0.2272   0.2272   0.0076   0.0000  -0.1289  -0.1854    0.817
    27   4.9062   1.2201   0.1229   0.2308   0.0802   0.1896   0.1896   0.0069   0.0000  -0.1118  -0.1588    0.840
    28   4.9923   1.2030   0.0875   0.1725   0.0913   0.1437   0.1437   0.0061   0.0000  -0.0879  -0.1236    0.862
    29   5.0502   1.1915   0.0524   0.1074   0.1026   0.0904   0.0904   0.0049   0.0000  -0.0569  -0.0794    0.880
    30   5.0794   1.1857   0.0174   0.0367   0.1106   0.0310   0.0310   0.0021   0.0000  -0.0198  -0.0275    0.890

  Surface # 2     main_wing (YDUP)                        
     # Chordwise = 10   # Spanwise = 30     First strip = 31
     Surface area =    8.662745       Ave. chord =    1.689678
     CLsurf  =   0.14055     Clsurf  =   0.03320
     CYsurf  =   0.01735     Cmsurf  =  -0.06504
     CDsurf  =   0.00262     Cnsurf  =  -0.00327
     CDisurf =   0.00262     CDvsurf =   0.00000

  Forces referred to Ssurf, Cave about hinge axis thru LE
     CLsurf  =   0.28080     CDsurf  =   0.00520
     Deflect =

 Strip Forces referred to Strip Area, Chord
    j      Yle    Chord     Area     c cl      ai      cl_norm  cl       cd       cdv    cm_c/4    cm_LE  C.P.x/c
    31  -0.0034   2.1937   0.0299   0.3381  -0.1072   0.1538   0.1538  -0.0120   0.0000  -0.0601   0.0984    0.641
    32  -0.0304   2.1884   0.0891   0.3055  -0.1039   0.1395   0.1395  -0.0057   0.0000  -0.0564   0.0912    0.655
    33  -0.0840   2.1777   0.1468   0.3073  -0.0963   0.1410   0.1410  -0.0051   0.0000  -0.0578   0.0930    0.660
    34  -0.1638   2.1619   0.2017   0.3179  -0.0846   0.1470   0.1470  -0.0045   0.0000  -0.0617   0.0983    0.669
    35  -0.2688   2.1410   0.2531   0.3384  -0.0691   0.1580   0.1580  -0.0041   0.0000  -0.0685   0.1078    0.684
    36  -0.3979   2.1154   0.3000   0.3714  -0.0502   0.1756   0.1756  -0.0028   0.0000  -0.0789   0.1227    0.700
    37  -0.5496   2.0852   0.3417   0.4160  -0.0279   0.1996   0.1996  -0.0014   0.0000  -0.0930   0.1427    0.716
    38  -0.7223   2.0509   0.3776   0.4675  -0.0022   0.2281   0.2281   0.0007   0.0000  -0.1098   0.1665    0.731
    39  -0.9142   2.0128   0.4073   0.5234   0.0277   0.2603   0.2603   0.0048   0.0000  -0.1281   0.1928    0.742
    40  -1.1285   1.9703   0.4526   0.5637   0.0407   0.2865   0.2865   0.0069   0.0000  -0.1423   0.2135    0.747
    41  -1.3637   1.9236   0.4694   0.5829   0.0351   0.3035   0.3035   0.0072   0.0000  -0.1497   0.2251    0.743
    42  -1.6118   1.8743   0.4793   0.5906   0.0338   0.3155   0.3155   0.0071   0.0000  -0.1541   0.2325    0.738
    43  -1.8700   1.8230   0.4823   0.5893   0.0386   0.3237   0.3237   0.0073   0.0000  -0.1566   0.2371    0.734
    44  -2.1357   1.7703   0.4789   0.5833   0.0468   0.3299   0.3299   0.0074   0.0000  -0.1583   0.2403    0.730
    45  -2.4057   1.7167   0.4695   0.5732   0.0501   0.3343   0.3343   0.0073   0.0000  -0.1593   0.2424    0.726
    46  -2.6723   1.6637   0.4384   0.5599   0.0486   0.3370   0.3370   0.0072   0.0000  -0.1599   0.2436    0.724
    47  -2.9325   1.6120   0.4201   0.5433   0.0463   0.3375   0.3375   0.0074   0.0000  -0.1600   0.2439    0.724
    48  -3.1884   1.5612   0.3979   0.5255   0.0446   0.3370   0.3370   0.0071   0.0000  -0.1600   0.2438    0.725
    49  -3.4372   1.5118   0.3724   0.5045   0.0437   0.3342   0.3342   0.0072   0.0000  -0.1596   0.2427    0.728
    50  -3.6775   1.4641   0.3480   0.4814   0.0438   0.3293   0.3293   0.0076   0.0000  -0.1589   0.2408    0.733
    51  -3.9066   1.4186   0.3174   0.4562   0.0449   0.3220   0.3220   0.0078   0.0000  -0.1578   0.2378    0.740
    52  -4.1206   1.3761   0.2853   0.4284   0.0470   0.3118   0.3118   0.0080   0.0000  -0.1559   0.2334    0.750
    53  -4.3172   1.3370   0.2522   0.3983   0.0504   0.2983   0.2983   0.0079   0.0000  -0.1529   0.2270    0.762
    54  -4.4942   1.3019   0.2186   0.3643   0.0553   0.2803   0.2803   0.0081   0.0000  -0.1481   0.2177    0.778
    55  -4.6536   1.2702   0.1944   0.3264   0.0618   0.2574   0.2574   0.0080   0.0000  -0.1406   0.2046    0.796
    56  -4.7929   1.2426   0.1585   0.2818   0.0702   0.2272   0.2272   0.0076   0.0000  -0.1289   0.1854    0.817
    57  -4.9062   1.2201   0.1229   0.2308   0.0802   0.1896   0.1896   0.0069   0.0000  -0.1118   0.1588    0.840
    58  -4.9923   1.2030   0.0875   0.1725   0.0913   0.1437   0.1437   0.0061   0.0000  -0.0879   0.1236    0.862
    59  -5.0502   1.1915   0.0524   0.1074   0.1026   0.0904   0.0904   0.0049   0.0000  -0.0569   0.0794    0.880
    60  -5.0794   1.1857   0.0174   0.0367   0.1106   0.0310   0.0310   0.0021   0.0000  -0.0198   0.0275    0.890

  Surface # 3     horizontal_stabilizer                   
     # Chordwise = 10   # Spanwise = 30     First strip = 61
     Surface area =    2.000000       Ave. chord =    1.000000
     CLsurf  =  -0.02242     Clsurf  =   0.00201
     CYsurf  =  -0.00004     Cmsurf  =   0.05954
     CDsurf  =  -0.00005     Cnsurf  =  -0.00006
     CDisurf =  -0.00005     CDvsurf =   0.00000

  Forces referred to Ssurf, Cave about hinge axis thru LE
     CLsurf  =  -0.19258     CDsurf  =  -0.00039
     Deflect =

 Strip Forces referred to Strip Area, Chord
    j      Yle    Chord     Area     c cl      ai      cl_norm  cl       cd       cdv    cm_c/4    cm_LE  C.P.x/c
    61   0.0014   1.1973   0.0069  -0.2101  -0.0221  -0.1757  -0.1752   0.0116   0.0000  -0.0000   0.0436    0.250
    62   0.0129   1.1951   0.0205  -0.2101  -0.0219  -0.1763  -0.1758   0.0024   0.0000  -0.0000   0.0437    0.250
    63   0.0357   1.1906   0.0338  -0.2100  -0.0217  -0.1770  -0.1765   0.0017   0.0000  -0.0001   0.0437    0.249
    64   0.0696   1.1839   0.0465  -0.2100  -0.0214  -0.1780  -0.1775   0.0015   0.0000  -0.0003   0.0438    0.248
    65   0.1141   1.1751   0.0585  -0.2101  -0.0211  -0.1795  -0.1789   0.0013   0.0000  -0.0004   0.0440    0.247
    66   0.1689   1.1642   0.0695  -0.2104  -0.0208  -0.1813  -0.1807   0.0012   0.0000  -0.0007   0.0443    0.246
    67   0.2315   1.1519   0.0750  -0.2108  -0.0203  -0.1836  -0.1830   0.0011   0.0000  -0.0009   0.0446    0.245
    68   0.3008   1.1382   0.0833  -0.2114  -0.0197  -0.1864  -0.1858   0.0009   0.0000  -0.0011   0.0451    0.244
    69   0.3777   1.1230   0.0903  -0.2123  -0.0191  -0.1897  -0.1891   0.0009   0.0000  -0.0014   0.0456    0.242
    70   0.4614   1.1064   0.0960  -0.2134  -0.0183  -0.1936  -0.1930   0.0006   0.0000  -0.0018   0.0462    0.241
    71   0.5511   1.0887   0.1004  -0.2146  -0.0174  -0.1978  -0.1972   0.0010   0.0000  -0.0021   0.0469    0.239
    72   0.6456   1.0700   0.1034  -0.2158  -0.0165  -0.2025  -0.2018   0.0003   0.0000  -0.0026   0.0476    0.237
    73   0.7441   1.0506   0.1050  -0.2168  -0.0155  -0.2072  -0.2065  -0.0003   0.0000  -0.0030   0.0483    0.235
    74   0.8453   1.0306   0.1054  -0.2173  -0.0147  -0.2117  -0.2110  -0.0009   0.0000  -0.0035   0.0489    0.233
    75   0.9482   1.0102   0.1044  -0.2170  -0.0140  -0.2156  -0.2149  -0.0008   0.0000  -0.0041   0.0493    0.231
    76   1.0518   0.9898   0.1023  -0.2155  -0.0135  -0.2186  -0.2179  -0.0012   0.0000  -0.0046   0.0495    0.229
    77   1.1547   0.9694   0.0991  -0.2127  -0.0133  -0.2202  -0.2196  -0.0015   0.0000  -0.0052   0.0493    0.226
    78   1.2559   0.9494   0.0949  -0.2082  -0.0135  -0.2202  -0.2195  -0.0017   0.0000  -0.0058   0.0487    0.223
    79   1.3544   0.9300   0.0899  -0.2020  -0.0139  -0.2181  -0.2174  -0.0018   0.0000  -0.0065   0.0476    0.220
    80   1.4489   0.9113   0.0840  -0.1939  -0.0146  -0.2136  -0.2130  -0.0024   0.0000  -0.0071   0.0458    0.217
    81   1.5386   0.8936   0.0776  -0.1838  -0.0155  -0.2066  -0.2059  -0.0020   0.0000  -0.0077   0.0435    0.212
    82   1.6223   0.8770   0.0705  -0.1718  -0.0165  -0.1967  -0.1961  -0.0018   0.0000  -0.0083   0.0405    0.208
    83   1.6992   0.8618   0.0631  -0.1579  -0.0176  -0.1840  -0.1834  -0.0018   0.0000  -0.0088   0.0368    0.202
    84   1.7685   0.8481   0.0552  -0.1421  -0.0188  -0.1683  -0.1677  -0.0016   0.0000  -0.0091   0.0326    0.196
    85   1.8311   0.8358   0.0499  -0.1243  -0.0200  -0.1494  -0.1489  -0.0014   0.0000  -0.0091   0.0279    0.189
    86   1.8859   0.8249   0.0411  -0.1044  -0.0211  -0.1271  -0.1267  -0.0009   0.0000  -0.0087   0.0228    0.181
    87   1.9304   0.8161   0.0321  -0.0830  -0.0221  -0.1020  -0.1017  -0.0007   0.0000  -0.0078   0.0176    0.174
    88   1.9643   0.8094   0.0230  -0.0602  -0.0230  -0.0747  -0.0744  -0.0003   0.0000  -0.0062   0.0123    0.167
    89   1.9871   0.8049   0.0138  -0.0365  -0.0237  -0.0455  -0.0454  -0.0001   0.0000  -0.0040   0.0073    0.161
    90   1.9986   0.8027   0.0046  -0.0122  -0.0240  -0.0153  -0.0153  -0.0001   0.0000  -0.0014   0.0024    0.158

  Surface # 4     horizontal_stabilizer (YDUP)            
     # Chordwise = 10   # Spanwise = 30     First strip = 91
     Surface area =    2.000000       Ave. chord =    1.000000
     CLsurf  =  -0.02242     Clsurf  =  -0.00201
     CYsurf  =   0.00004     Cmsurf  =   0.05954
     CDsurf  =  -0.00005     Cnsurf  =   0.00006
     CDisurf =  -0.00005     CDvsurf =   0.00000

  Forces referred to Ssurf, Cave about hinge axis thru LE
     CLsurf  =  -0.19258     CDsurf  =  -0.00039
     Deflect =

 Strip Forces referred to Strip Area, Chord
    j      Yle    Chord     Area     c cl      ai      cl_norm  cl       cd       cdv    cm_c/4    cm_LE  C.P.x/c
    91  -0.0014   1.1973   0.0069  -0.2101  -0.0221  -0.1757  -0.1752   0.0116   0.0000  -0.0000  -0.0436    0.250
    92  -0.0129   1.1951   0.0205  -0.2101  -0.0219  -0.1763  -0.1758   0.0024   0.0000  -0.0000  -0.0437    0.250
    93  -0.0357   1.1906   0.0338  -0.2100  -0.0217  -0.1770  -0.1765   0.0017   0.0000  -0.0001  -0.0437    0.249
    94  -0.0696   1.1839   0.0465  -0.2100  -0.0214  -0.1780  -0.1775   0.0015   0.0000  -0.0003  -0.0438    0.248
    95  -0.1141   1.1751   0.0585  -0.2101  -0.0211  -0.1795  -0.1789   0.0013   0.0000  -0.0004  -0.0440    0.247
    96  -0.1689   1.1642   0.0695  -0.2104  -0.0208  -0.1813  -0.1807   0.0012   0.0000  -0.0007  -0.0443    0.246
    97  -0.2315   1.1519   0.0750  -0.2108  -0.0203  -0.1836  -0.1830   0.0011   0.0000  -0.0009  -0.0446    0.245
    98  -0.3008   1.1382   0.0833  -0.2114  -0.0197  -0.1864  -0.1858   0.0009   0.0000  -0.0011  -0.0451    0.244
    99  -0.3777   1.1230   0.0903  -0.2123  -0.0191  -0.1897  -0.1891   0.0009   0.0000  -0.0014  -0.0456    0.242
   100  -0.4614   1.1064   0.0960  -0.2134  -0.0183  -0.1936  -0.1930   0.0006   0.0000  -0.0018  -0.0462    0.241
   101  -0.5511   1.0887   0.1004  -0.2146  -0.0174  -0.1978  -0.1972   0.0010   0.0000  -0.0021  -0.0469    0.239
   102  -0.6456   1.0700   0.1034  -0.2158  -0.0165  -0.2025  -0.2018   0.0003   0.0000  -0.0026  -0.0476    0.237
   103  -0.7441   1.0506   0.1050  -0.2168  -0.0155  -0.2072  -0.2065  -0.0003   0.0000  -0.0030  -0.0483    0.235
   104  -0.8453   1.0306   0.1054  -0.2173  -0.0147  -0.2117  -0.2110  -0.0009   0.0000  -0.0035  -0.0489    0.233
   105  -0.9482   1.0102   0.1044  -0.2170  -0.0140  -0.2156  -0.2149  -0.0008   0.0000  -0.0041  -0.0493    0.231
   106  -1.0518   0.9898   0.1023  -0.2155  -0.0135  -0.2186  -0.2179  -0.0012   0.0000  -0.0046  -0.0495    0.229
   107  -1.1547   0.9694   0.0991  -0.2127  -0.0133  -0.2202  -0.2196  -0.0015   0.0000  -0.0052  -0.0493    0.226
   108  -1.2559   0.9494   0.0949  -0.2082  -0.0135  -0.2202  -0.2195  -0.0017   0.0000  -0.0058  -0.0487    0.223
   109  -1.3544   0.9300   0.0899  -0.2020  -0.0139  -0.2181  -0.2174  -0.0018   0.0000  -0.0065  -0.0476    0.220
   110  -1.4489   0.9113   0.0840  -0.1939  -0.0146  -0.2136  -0.2130  -0.0024   0.0000  -0.0071  -0.0458    0.217
   111  -1.5386   0.8936   0.0776  -0.1838  -0.0155  -0.2066  -0.2059  -0.0020   0.0000  -0.0077  -0.0435    0.212
   112  -1.6223   0.8770   0.0705  -0.1718  -0.0165  -0.1967  -0.1961  -0.0018   0.0000  -0.0083  -0.0405    0.208
   113  -1.6992   0.8618   0.0631  -0.1579  -0.0176  -0.1840  -0.1834  -0.0018   0.0000  -0.0088  -0.0368    0.202
   114  -1.7685   0.8481   0.0552  -0.1421  -0.0188  -0.1683  -0.1677  -0.0016   0.0000  -0.0091  -0.0326    0.196
   115  -1.8311   0.8358   0.0499  -0.1243  -0.0200  -0.1494  -0.1489  -0.0014   0.0000  -0.0091  -0.0279    0.189
   116  -1.8859   0.8249   0.0411  -0.1044  -0.0211  -0.1271  -0.1267  -0.0009   0.0000  -0.0087  -0.0228    0.181
   117  -1.9304   0.8161   0.0321  -0.0830  -0.0221  -0.1020  -0.1017  -0.0007   0.0000  -0.0078  -0.0176    0.174
   118  -1.9643   0.8094   0.0230  -0.0602  -0.0230  -0.0747  -0.0744  -0.0003   0.0000  -0.0062  -0.0123    0.167
   119  -1.9871   0.8049   0.0138  -0.0365  -0.0237  -0.0455  -0.0454  -0.0001   0.0000  -0.0040  -0.0073    0.161
   120  -1.9986   0.8027   0.0046  -0.0122  -0.0240  -0.0153  -0.0153  -0.0001   0.0000  -0.0014  -0.0024    0.158

  Surface # 5     vertical_stabilizer                     
     # Chordwise = 10   # Spanwise = 30     First strip =121
     Surface area =    1.162981       Ave. chord =    0.785002
     CLsurf  =   0.00000     Clsurf  =  -0.00000
     CYsurf  =  -0.00000     Cmsurf  =  -0.00000
     CDsurf  =   0.00000     Cnsurf  =   0.00000
     CDisurf =   0.00000     CDvsurf =   0.00000

  Forces referred to Ssurf, Cave about hinge axis thru LE
     CLsurf  =   0.00000     CDsurf  =   0.00000
     Deflect =

 Strip Forces referred to Strip Area, Chord
    j      Yle    Chord     Area     c cl      ai      cl_norm  cl       cd       cdv    cm_c/4    cm_LE  C.P.x/c
   121   0.0000   1.0573   0.0140   0.0000  -0.0000   0.0000   0.0000   0.0000   0.0000  -0.0000  -0.0000    0.291
   122   0.0000   1.0509   0.0227   0.0000  -0.0000   0.0000   0.0000   0.0000   0.0000  -0.0000  -0.0000    0.274
   123   0.0000   1.0413   0.0311   0.0000  -0.0000   0.0000   0.0000   0.0000   0.0000  -0.0000  -0.0000    0.268
   124   0.0000   1.0287   0.0389   0.0000  -0.0000   0.0000   0.0000   0.0000   0.0000  -0.0000  -0.0000    0.272
   125   0.0000   1.0133   0.0461   0.0000  -0.0000   0.0000   0.0000  -0.0000   0.0000  -0.0000  -0.0000    0.270
   126   0.0000   0.9966   0.0440   0.0000  -0.0000   0.0000   0.0000  -0.0000   0.0000  -0.0000  -0.0000    0.256
   127   0.0000   0.9792   0.0488   0.0000  -0.0000   0.0000   0.0000   0.0000   0.0000   0.0000  -0.0000    0.249
   128   0.0000   0.9597   0.0527   0.0000   0.0000   0.0000   0.0000   0.0000   0.0000  -0.0000  -0.0000    0.251
   129   0.0000   0.9385   0.0559   0.0000   0.0000   0.0000   0.0000   0.0000   0.0000   0.0000  -0.0000    0.237
   130   0.0000   0.9157   0.0582   0.0000  -0.0000   0.0000   0.0000  -0.0000   0.0000   0.0000  -0.0000    0.224
   131   0.0000   0.8915   0.0596   0.0000  -0.0000   0.0000   0.0000   0.0000   0.0000   0.0000  -0.0000    0.238
   132   0.0000   0.8662   0.0602   0.0000   0.0000   0.0000   0.0000  -0.0000   0.0000   0.0000  -0.0000    0.244
   133   0.0000   0.8401   0.0601   0.0000   0.0000   0.0000   0.0000  -0.0000   0.0000   0.0000  -0.0000    0.245
   134   0.0000   0.8133   0.0592   0.0000  -0.0000   0.0000   0.0000   0.0000   0.0000  -0.0000  -0.0000    0.254
   135   0.0000   0.7863   0.0576   0.0000  -0.0000   0.0000   0.0000  -0.0000   0.0000   0.0000  -0.0000    0.247
   136   0.0000   0.7592   0.0554   0.0000  -0.0000   0.0000   0.0000   0.0000   0.0000   0.0000  -0.0000    0.247
   137   0.0000   0.7323   0.0527   0.0000  -0.0000   0.0000   0.0000   0.0000   0.0000  -0.0000  -0.0000    0.256
   138   0.0000   0.7060   0.0495   0.0000  -0.0000   0.0000   0.0000  -0.0000   0.0000  -0.0000  -0.0000    0.264
   139   0.0000   0.6804   0.0460   0.0000   0.0000   0.0000   0.0000  -0.0000   0.0000  -0.0000  -0.0000    0.256
   140   0.0000   0.6560   0.0422   0.0000  -0.0000   0.0000   0.0000  -0.0000   0.0000  -0.0000  -0.0000    0.262
   141   0.0000   0.6328   0.0383   0.0000  -0.0000   0.0000   0.0000  -0.0000   0.0000  -0.0000  -0.0000    0.256
   142   0.0000   0.6112   0.0342   0.0000  -0.0000   0.0000   0.0000  -0.0000   0.0000  -0.0000  -0.0000    0.254
   143   0.0000   0.5914   0.0301   0.0000  -0.0000   0.0000   0.0000  -0.0000   0.0000  -0.0000  -0.0000    0.250
   144   0.0000   0.5736   0.0259   0.0000  -0.0000   0.0000   0.0000  -0.0000   0.0000   0.0000  -0.0000    0.235
   145   0.0000   0.5570   0.0246   0.0000  -0.0000   0.0000   0.0000  -0.0000   0.0000   0.0000  -0.0000    0.239
   146   0.0000   0.5419   0.0200   0.0000   0.0000   0.0000   0.0000   0.0000   0.0000   0.0000  -0.0000    0.211
   147   0.0000   0.5297   0.0154   0.0000  -0.0000   0.0000   0.0000  -0.0000   0.0000   0.0000  -0.0000    0.221
   148   0.0000   0.5204   0.0109   0.0000   0.0000   0.0000   0.0000  -0.0000   0.0000   0.0000  -0.0000    0.212
   149   0.0000   0.5141   0.0065   0.0000  -0.0000   0.0000   0.0000  -0.0000   0.0000   0.0000  -0.0000    0.200
   150   0.0000   0.5110   0.0022   0.0000  -0.0000   0.0000   0.0000  -0.0000   0.0000   0.0000  -0.0000    0.200
 ---------------------------------------------------------------
