 ---------------------------------------------------------------
 Surface and Strip Forces by surface

  Forces referred to Sref, Cref, Bref about Xref, Yref, Zref
 Standard axis orientation,  X fwd, Z down         

  Surface # 1     main_wing                               
     # Chordwise = 10   # Spanwise = 30     First strip =  1
     Surface area =    8.662745       Ave. chord =    1.689678
     CLsurf  =   0.43649     Clsurf  =  -0.09472
     CYsurf  =  -0.05983     Cmsurf  =  -0.05937
     CDsurf  =   0.02072     Cnsurf  =  -0.00144
     CDisurf =   0.02072     CDvsurf =   0.00000

  Forces referred to Ssurf, Cave about hinge axis thru LE
     CLsurf  =   0.87360     CDsurf  =   0.04109
     Deflect =

 Strip Forces referred to Strip Area, Chord
    j      Yle    Chord     Area     c cl      ai      cl_norm  cl       cd       cdv    cm_c/4    cm_LE  C.P.x/c
     1   0.0034   2.1937   0.0299   2.1119  -0.0121   0.9630   0.9627   0.0408   0.0000  -0.0678  -0.3084    0.320
     2   0.0304   2.1884   0.0891   1.6433  -0.0097   0.7515   0.7513   0.0282   0.0000  -0.0603  -0.2480    0.330
     3   0.0840   2.1777   0.1468   1.6132  -0.0032   0.7416   0.7414   0.0248   0.0000  -0.0613  -0.2465    0.333
     4   0.1638   2.1619   0.2017   1.6156   0.0075   0.7483   0.7481   0.0230   0.0000  -0.0653  -0.2520    0.337
     5   0.2688   2.1410   0.2531   1.6276   0.0219   0.7614   0.7612   0.0214   0.0000  -0.0725  -0.2625    0.345
     6   0.3979   2.1154   0.3000   1.6683   0.0399   0.7894   0.7892   0.0274   0.0000  -0.0829  -0.2800    0.355
     7   0.5496   2.0852   0.3417   1.7024   0.0612   0.8172   0.8170   0.0285   0.0000  -0.0975  -0.3015    0.369
     8   0.7223   2.0509   0.3776   1.7342   0.0858   0.8465   0.8463   0.0275   0.0000  -0.1160  -0.3273    0.387
     9   0.9142   2.0128   0.4073   1.7817   0.1143   0.8856   0.8854   0.0353   0.0000  -0.1346  -0.3558    0.402
    10   1.1285   1.9703   0.4526   1.7990   0.1251   0.9133   0.9131   0.0388   0.0000  -0.1495  -0.3776    0.414
    11   1.3637   1.9236   0.4694   1.8060   0.1157   0.9389   0.9387   0.0428   0.0000  -0.1576  -0.3922    0.418
    12   1.6118   1.8743   0.4793   1.7888   0.1077   0.9543   0.9541   0.0443   0.0000  -0.1624  -0.4007    0.420
    13   1.8700   1.8230   0.4823   1.7572   0.1012   0.9637   0.9635   0.0462   0.0000  -0.1652  -0.4059    0.421
    14   2.1357   1.7703   0.4789   1.7205   0.0964   0.9717   0.9715   0.0466   0.0000  -0.1669  -0.4097    0.422
    15   2.4057   1.7167   0.4695   1.6755   0.0935   0.9758   0.9756   0.0471   0.0000  -0.1679  -0.4117    0.422
    16   2.6723   1.6637   0.4384   1.6258   0.0923   0.9771   0.9768   0.0463   0.0000  -0.1684  -0.4124    0.422
    17   2.9325   1.6120   0.4201   1.5646   0.0921   0.9703   0.9701   0.0481   0.0000  -0.1679  -0.4103    0.423
    18   3.1884   1.5612   0.3979   1.5045   0.0929   0.9634   0.9632   0.0471   0.0000  -0.1675  -0.4082    0.424
    19   3.4372   1.5118   0.3724   1.4348   0.0947   0.9488   0.9486   0.0471   0.0000  -0.1663  -0.4033    0.425
    20   3.6775   1.4641   0.3480   1.3590   0.0977   0.9277   0.9275   0.0483   0.0000  -0.1645  -0.3963    0.427
    21   3.9066   1.4186   0.3174   1.2754   0.1019   0.8984   0.8982   0.0492   0.0000  -0.1618  -0.3863    0.430
    22   4.1206   1.3761   0.2853   1.1856   0.1075   0.8607   0.8605   0.0496   0.0000  -0.1581  -0.3733    0.434
    23   4.3172   1.3370   0.2522   1.0891   0.1146   0.8135   0.8133   0.0488   0.0000  -0.1530  -0.3565    0.438
    24   4.4942   1.3019   0.2186   0.9822   0.1233   0.7532   0.7531   0.0483   0.0000  -0.1459  -0.3343    0.444
    25   4.6536   1.2702   0.1944   0.8652   0.1338   0.6798   0.6797   0.0463   0.0000  -0.1361  -0.3062    0.450
    26   4.7929   1.2426   0.1585   0.7332   0.1460   0.5887   0.5885   0.0428   0.0000  -0.1223  -0.2696    0.458
    27   4.9062   1.2201   0.1229   0.5889   0.1594   0.4814   0.4812   0.0371   0.0000  -0.1039  -0.2244    0.466
    28   4.9923   1.2030   0.0875   0.4322   0.1732   0.3582   0.3581   0.0290   0.0000  -0.0802  -0.1699    0.474
    29   5.0502   1.1915   0.0524   0.2650   0.1865   0.2217   0.2216   0.0188   0.0000  -0.0512  -0.1067    0.481
    30   5.0794   1.1857   0.0174   0.0896   0.1955   0.0752   0.0752   0.0068   0.0000  -0.0177  -0.0365    0.485

  Surface # 2     main_wing (YDUP)                        
     # Chordwise = 10   # Spanwise = 30     First strip = 31
     Surface area =    8.662745       Ave. chord =    1.689678
     CLsurf  =   0.43649     Clsurf  =   0.09472
     CYsurf  =   0.05983     Cmsurf  =  -0.05937
     CDsurf  =   0.02072     Cnsurf  =   0.00144
     CDisurf =   0.02072     CDvsurf =   0.00000

  Forces referred to Ssurf, Cave about hinge axis thru LE
     CLsurf  =   0.87360     CDsurf  =   0.04109
     Deflect =

 Strip Forces referred to Strip Area, Chord
    j      Yle    Chord     Area     c cl      ai      cl_norm  cl       cd       cdv    cm_c/4    cm_LE  C.P.x/c
    31  -0.0034   2.1937   0.0299   2.1119  -0.0120   0.9630   0.9627   0.0408   0.0000  -0.0678   0.3084    0.320
    32  -0.0304   2.1884   0.0891   1.6433  -0.0097   0.7515   0.7513   0.0282   0.0000  -0.0603   0.2480    0.330
    33  -0.0840   2.1777   0.1468   1.6132  -0.0032   0.7416   0.7414   0.0248   0.0000  -0.0613   0.2465    0.333
    34  -0.1638   2.1619   0.2017   1.6156   0.0075   0.7483   0.7481   0.0230   0.0000  -0.0653   0.2520    0.337
    35  -0.2688   2.1410   0.2531   1.6276   0.0219   0.7614   0.7612   0.0214   0.0000  -0.0725   0.2625    0.345
    36  -0.3979   2.1154   0.3000   1.6683   0.0399   0.7894   0.7892   0.0274   0.0000  -0.0829   0.2800    0.355
    37  -0.5496   2.0852   0.3417   1.7024   0.0612   0.8172   0.8170   0.0285   0.0000  -0.0975   0.3015    0.369
    38  -0.7223   2.0509   0.3776   1.7342   0.0858   0.8465   0.8463   0.0275   0.0000  -0.1160   0.3273    0.387
    39  -0.9142   2.0128   0.4073   1.7817   0.1143   0.8856   0.8854   0.0353   0.0000  -0.1346   0.3558    0.402
    40  -1.1285   1.9703   0.4526   1.7990   0.1251   0.9133   0.9131   0.0388   0.0000  -0.1495   0.3776    0.414
    41  -1.3637   1.9236   0.4694   1.8060   0.1157   0.9389   0.9387   0.0428   0.0000  -0.1576   0.3922    0.418
    42  -1.6118   1.8743   0.4793   1.7888   0.1077   0.9543   0.9541   0.0443   0.0000  -0.1624   0.4007    0.420
    43  -1.8700   1.8230   0.4823   1.7572   0.1012   0.9637   0.9635   0.0462   0.0000  -0.1652   0.4059    0.421
    44  -2.1357   1.7703   0.4789   1.7205   0.0964   0.9717   0.9715   0.0466   0.0000  -0.1669   0.4097    0.422
    45  -2.4057   1.7167   0.4695   1.6755   0.0935   0.9758   0.9756   0.0471   0.0000  -0.1679   0.4117    0.422
    46  -2.6723   1.6637   0.4384   1.6258   0.0923   0.9771   0.9768   0.0463   0.0000  -0.1684   0.4124    0.422
    47  -2.9325   1.6120   0.4201   1.5646   0.0921   0.9703   0.9701   0.0481   0.0000  -0.1679   0.4103    0.423
    48  -3.1884   1.5612   0.3979   1.5045   0.0929   0.9634   0.9632   0.0471   0.0000  -0.1675   0.4082    0.424
    49  -3.4372   1.5118   0.3724   1.4348   0.0947   0.9488   0.9486   0.0471   0.0000  -0.1663   0.4033    0.425
    50  -3.6775   1.4641   0.3480   1.3590   0.0977   0.9277   0.9275   0.0483   0.0000  -0.1645   0.3963    0.427
    51  -3.9066   1.4186   0.3174   1.2754   0.1019   0.8984   0.8982   0.0492   0.0000  -0.1618   0.3863    0.430
    52  -4.1206   1.3761   0.2853   1.1856   0.1075   0.8607   0.8605   0.0496   0.0000  -0.1581   0.3733    0.434
    53  -4.3172   1.3370   0.2522   1.0891   0.1146   0.8135   0.8133   0.0488   0.0000  -0.1530   0.3565    0.438
    54  -4.4942   1.3019   0.2186   0.9822   0.1233   0.7532   0.7531   0.0483   0.0000  -0.1459   0.3343    0.444
    55  -4.6536   1.2702   0.1944   0.8652   0.1338   0.6798   0.6797   0.0463   0.0000  -0.1361   0.3062    0.450
    56  -4.7929   1.2426   0.1585   0.7332   0.1460   0.5887   0.5885   0.0428   0.0000  -0.1223   0.2696    0.458
    57  -4.9062   1.2201   0.1229   0.5889   0.1594   0.4814   0.4812   0.0371   0.0000  -0.1039   0.2244    0.466
    58  -4.9923   1.2030   0.0875   0.4322   0.1732   0.3582   0.3581   0.0290   0.0000  -0.0802   0.1699    0.474
    59  -5.0502   1.1915   0.0524   0.2650   0.1865   0.2217   0.2216   0.0188   0.0000  -0.0512   0.1067    0.481
    60  -5.0794   1.1857   0.0174   0.0896   0.1955   0.0752   0.0752   0.0068   0.0000  -0.0177   0.0365    0.485

  Surface # 3     horizontal_stabilizer                   
     # Chordwise = 10   # Spanwise = 30     First strip = 61
     Surface area =    2.000000       Ave. chord =    1.000000
     CLsurf  =   0.00689     Clsurf  =  -0.00045
     CYsurf  =  -0.00008     Cmsurf  =  -0.01847
     CDsurf  =   0.00053     Cnsurf  =   0.00004
     CDisurf =   0.00053     CDvsurf =   0.00000

  Forces referred to Ssurf, Cave about hinge axis thru LE
     CLsurf  =   0.05921     CDsurf  =   0.00454
     Deflect =

 Strip Forces referred to Strip Area, Chord
    j      Yle    Chord     Area     c cl      ai      cl_norm  cl       cd       cdv    cm_c/4    cm_LE  C.P.x/c
    61   0.0014   1.1973   0.0069   0.1108   0.0773   0.0923   0.0920   0.0100   0.0000   0.0011  -0.0219    0.238
    62   0.0129   1.1951   0.0205   0.1108   0.0772   0.0927   0.0924   0.0070   0.0000   0.0011  -0.0219    0.238
    63   0.0357   1.1906   0.0338   0.1107   0.0771   0.0930   0.0927   0.0068   0.0000   0.0012  -0.0219    0.237
    64   0.0696   1.1839   0.0465   0.1104   0.0770   0.0933   0.0930   0.0067   0.0000   0.0012  -0.0219    0.237
    65   0.1141   1.1751   0.0585   0.1098   0.0770   0.0935   0.0932   0.0067   0.0000   0.0013  -0.0219    0.236
    66   0.1689   1.1642   0.0695   0.1086   0.0769   0.0934   0.0931   0.0067   0.0000   0.0013  -0.0219    0.236
    67   0.2315   1.1519   0.0750   0.1068   0.0770   0.0928   0.0925   0.0067   0.0000   0.0013  -0.0217    0.236
    68   0.3008   1.1382   0.0833   0.1042   0.0770   0.0916   0.0914   0.0066   0.0000   0.0013  -0.0215    0.236
    69   0.3777   1.1230   0.0903   0.1007   0.0772   0.0898   0.0895   0.0065   0.0000   0.0011  -0.0212    0.237
    70   0.4614   1.1064   0.0960   0.0963   0.0775   0.0870   0.0868   0.0064   0.0000   0.0009  -0.0207    0.239
    71   0.5511   1.0887   0.1004   0.0908   0.0779   0.0834   0.0832   0.0063   0.0000   0.0007  -0.0201    0.242
    72   0.6456   1.0700   0.1034   0.0845   0.0784   0.0790   0.0787   0.0060   0.0000   0.0004  -0.0193    0.245
    73   0.7441   1.0506   0.1050   0.0775   0.0789   0.0738   0.0735   0.0056   0.0000   0.0000  -0.0183    0.249
    74   0.8453   1.0306   0.1054   0.0700   0.0796   0.0679   0.0677   0.0053   0.0000  -0.0003  -0.0172    0.255
    75   0.9482   1.0102   0.1044   0.0623   0.0802   0.0617   0.0615   0.0049   0.0000  -0.0006  -0.0160    0.261
    76   1.0518   0.9898   0.1023   0.0548   0.0807   0.0553   0.0552   0.0045   0.0000  -0.0010  -0.0147    0.267
    77   1.1547   0.9694   0.0991   0.0475   0.0811   0.0490   0.0488   0.0040   0.0000  -0.0012  -0.0134    0.275
    78   1.2559   0.9494   0.0949   0.0407   0.0815   0.0429   0.0428   0.0036   0.0000  -0.0014  -0.0121    0.284
    79   1.3544   0.9300   0.0899   0.0346   0.0817   0.0372   0.0371   0.0031   0.0000  -0.0016  -0.0108    0.293
    80   1.4489   0.9113   0.0840   0.0291   0.0819   0.0319   0.0318   0.0027   0.0000  -0.0017  -0.0096    0.303
    81   1.5386   0.8936   0.0776   0.0243   0.0821   0.0272   0.0271   0.0023   0.0000  -0.0017  -0.0085    0.314
    82   1.6223   0.8770   0.0705   0.0201   0.0822   0.0229   0.0228   0.0020   0.0000  -0.0017  -0.0074    0.326
    83   1.6992   0.8618   0.0631   0.0165   0.0823   0.0191   0.0191   0.0016   0.0000  -0.0017  -0.0064    0.338
    84   1.7685   0.8481   0.0552   0.0134   0.0824   0.0158   0.0157   0.0014   0.0000  -0.0016  -0.0055    0.351
    85   1.8311   0.8358   0.0499   0.0107   0.0825   0.0128   0.0127   0.0011   0.0000  -0.0015  -0.0046    0.364
    86   1.8859   0.8249   0.0411   0.0083   0.0827   0.0100   0.0100   0.0009   0.0000  -0.0013  -0.0038    0.378
    87   1.9304   0.8161   0.0321   0.0062   0.0828   0.0075   0.0075   0.0007   0.0000  -0.0011  -0.0029    0.391
    88   1.9643   0.8094   0.0230   0.0043   0.0829   0.0053   0.0052   0.0005   0.0000  -0.0008  -0.0021    0.402
    89   1.9871   0.8049   0.0138   0.0025   0.0831   0.0031   0.0031   0.0003   0.0000  -0.0005  -0.0013    0.410
    90   1.9986   0.8027   0.0046   0.0008   0.0831   0.0010   0.0010   0.0001   0.0000  -0.0002  -0.0004    0.415

  Surface # 4     horizontal_stabilizer (YDUP)            
     # Chordwise = 10   # Spanwise = 30     First strip = 91
     Surface area =    2.000000       Ave. chord =    1.000000
     CLsurf  =   0.00689     Clsurf  =   0.00045
     CYsurf  =   0.00008     Cmsurf  =  -0.01847
     CDsurf  =   0.00053     Cnsurf  =  -0.00004
     CDisurf =   0.00053     CDvsurf =   0.00000

  Forces referred to Ssurf, Cave about hinge axis thru LE
     CLsurf  =   0.05921     CDsurf  =   0.00454
     Deflect =

 Strip Forces referred to Strip Area, Chord
    j      Yle    Chord     Area     c cl      ai      cl_norm  cl       cd       cdv    cm_c/4    cm_LE  C.P.x/c
    91  -0.0014   1.1973   0.0069   0.1108   0.0773   0.0923   0.0920   0.0100   0.0000   0.0011   0.0219    0.238
    92  -0.0129   1.1951   0.0205   0.1108   0.0772   0.0927   0.0924   0.0070   0.0000   0.0011   0.0219    0.238
    93  -0.0357   1.1906   0.0338   0.1107   0.0771   0.0930   0.0927   0.0068   0.0000   0.0012   0.0219    0.237
    94  -0.0696   1.1839   0.0465   0.1104   0.0770   0.0933   0.0930   0.0067   0.0000   0.0012   0.0219    0.237
    95  -0.1141   1.1751   0.0585   0.1098   0.0770   0.0935   0.0932   0.0067   0.0000   0.0013   0.0219    0.236
    96  -0.1689   1.1642   0.0695   0.1086   0.0769   0.0934   0.0931   0.0067   0.0000   0.0013   0.0219    0.236
    97  -0.2315   1.1519   0.0750   0.1068   0.0770   0.0928   0.0925   0.0067   0.0000   0.0013   0.0217    0.236
    98  -0.3008   1.1382   0.0833   0.1042   0.0770   0.0916   0.0914   0.0066   0.0000   0.0013   0.0215    0.236
    99  -0.3777   1.1230   0.0903   0.1007   0.0772   0.0898   0.0895   0.0065   0.0000   0.0011   0.0212    0.237
   100  -0.4614   1.1064   0.0960   0.0963   0.0775   0.0870   0.0868   0.0064   0.0000   0.0009   0.0207    0.239
   101  -0.5511   1.0887   0.1004   0.0908   0.0779   0.0834   0.0832   0.0063   0.0000   0.0007   0.0201    0.242
   102  -0.6456   1.0700   0.1034   0.0845   0.0784   0.0790   0.0787   0.0060   0.0000   0.0004   0.0193    0.245
   103  -0.7441   1.0506   0.1050   0.0775   0.0789   0.0738   0.0735   0.0056   0.0000   0.0000   0.0183    0.249
   104  -0.8453   1.0306   0.1054   0.0700   0.0796   0.0679   0.0677   0.0053   0.0000  -0.0003   0.0172    0.255
   105  -0.9482   1.0102   0.1044   0.0623   0.0802   0.0617   0.0615   0.0049   0.0000  -0.0006   0.0160    0.261
   106  -1.0518   0.9898   0.1023   0.0548   0.0807   0.0553   0.0552   0.0045   0.0000  -0.0010   0.0147    0.267
   107  -1.1547   0.9694   0.0991   0.0475   0.0811   0.0490   0.0488   0.0040   0.0000  -0.0012   0.0134    0.275
   108  -1.2559   0.9494   0.0949   0.0407   0.0815   0.0429   0.0428   0.0036   0.0000  -0.0014   0.0121    0.284
   109  -1.3544   0.9300   0.0899   0.0346   0.0817   0.0372   0.0371   0.0031   0.0000  -0.0016   0.0108    0.293
   110  -1.4489   0.9113   0.0840   0.0291   0.0819   0.0319   0.0318   0.0027   0.0000  -0.0017   0.0096    0.303
   111  -1.5386   0.8936   0.0776   0.0243   0.0821   0.0272   0.0271   0.0023   0.0000  -0.0017   0.0085    0.314
   112  -1.6223   0.8770   0.0705   0.0201   0.0822   0.0229   0.0228   0.0020   0.0000  -0.0017   0.0074    0.326
   113  -1.6992   0.8618   0.0631   0.0165   0.0823   0.0191   0.0191   0.0016   0.0000  -0.0017   0.0064    0.338
   114  -1.7685   0.8481   0.0552   0.0134   0.0824   0.0158   0.0157   0.0014   0.0000  -0.0016   0.0055    0.351
   115  -1.8311   0.8358   0.0499   0.0107   0.0825   0.0128   0.0127   0.0011   0.0000  -0.0015   0.0046    0.364
   116  -1.8859   0.8249   0.0411   0.0083   0.0827   0.0100   0.0100   0.0009   0.0000  -0.0013   0.0038    0.378
   117  -1.9304   0.8161   0.0321   0.0062   0.0828   0.0075   0.0075   0.0007   0.0000  -0.0011   0.0029    0.391
   118  -1.9643   0.8094   0.0230   0.0043   0.0829   0.0053   0.0052   0.0005   0.0000  -0.0008   0.0021    0.402
   119  -1.9871   0.8049   0.0138   0.0025   0.0831   0.0031   0.0031   0.0003   0.0000  -0.0005   0.0013    0.410
   120  -1.9986   0.8027   0.0046   0.0008   0.0831   0.0010   0.0010   0.0001   0.0000  -0.0002   0.0004    0.415

  Surface # 5     vertical_stabilizer                     
     # Chordwise = 10   # Spanwise = 30     First strip =121
     Surface area =    1.162981       Ave. chord =    0.785002
     CLsurf  =   0.00000     Clsurf  =   0.00000
     CYsurf  =   0.00000     Cmsurf  =  -0.00000
     CDsurf  =  -0.00000     Cnsurf  =  -0.00000
     CDisurf =  -0.00000     CDvsurf =   0.00000

  Forces referred to Ssurf, Cave about hinge axis thru LE
     CLsurf  =  -0.00000     CDsurf  =  -0.00000
     Deflect =

 Strip Forces referred to Strip Area, Chord
    j      Yle    Chord     Area     c cl      ai      cl_norm  cl       cd       cdv    cm_c/4    cm_LE  C.P.x/c
   121   0.0000   1.0573   0.0140  -0.0000   0.0000  -0.0000  -0.0000  -0.0000   0.0000  -0.0000   0.0000    0.167
   122   0.0000   1.0509   0.0227  -0.0000  -0.0000  -0.0000  -0.0000   0.0000   0.0000  -0.0000   0.0000    0.175
   123   0.0000   1.0413   0.0311  -0.0000  -0.0000  -0.0000  -0.0000  -0.0000   0.0000  -0.0000   0.0000    0.182
   124   0.0000   1.0287   0.0389  -0.0000   0.0000  -0.0000  -0.0000  -0.0000   0.0000  -0.0000   0.0000    0.171
   125   0.0000   1.0133   0.0461  -0.0000  -0.0000  -0.0000  -0.0000  -0.0000   0.0000  -0.0000   0.0000    0.190
   126   0.0000   0.9966   0.0440  -0.0000  -0.0000  -0.0000  -0.0000  -0.0000   0.0000  -0.0000   0.0000    0.187
   127   0.0000   0.9792   0.0488  -0.0000   0.0000  -0.0000  -0.0000  -0.0000   0.0000  -0.0000   0.0000    0.197
   128   0.0000   0.9597   0.0527  -0.0000  -0.0000  -0.0000  -0.0000  -0.0000   0.0000  -0.0000   0.0000    0.202
   129   0.0000   0.9385   0.0559  -0.0000   0.0000  -0.0000  -0.0000  -0.0000   0.0000  -0.0000   0.0000    0.199
   130   0.0000   0.9157   0.0582  -0.0000   0.0000  -0.0000  -0.0000  -0.0000   0.0000  -0.0000   0.0000    0.204
   131   0.0000   0.8915   0.0596  -0.0000   0.0000  -0.0000  -0.0000  -0.0000   0.0000  -0.0000   0.0000    0.204
   132   0.0000   0.8662   0.0602  -0.0000   0.0000  -0.0000  -0.0000  -0.0000   0.0000  -0.0000   0.0000    0.206
   133   0.0000   0.8401   0.0601  -0.0000   0.0000  -0.0000  -0.0000  -0.0000   0.0000  -0.0000   0.0000    0.219
   134   0.0000   0.8133   0.0592  -0.0000   0.0000  -0.0000  -0.0000  -0.0000   0.0000  -0.0000   0.0000    0.214
   135   0.0000   0.7863   0.0576  -0.0000   0.0000  -0.0000  -0.0000  -0.0000   0.0000  -0.0000   0.0000    0.213
   136   0.0000   0.7592   0.0554  -0.0000  -0.0000  -0.0000  -0.0000  -0.0000   0.0000  -0.0000   0.0000    0.211
   137   0.0000   0.7323   0.0527  -0.0000   0.0000  -0.0000  -0.0000  -0.0000   0.0000  -0.0000   0.0000    0.214
   138   0.0000   0.7060   0.0495  -0.0000  -0.0000  -0.0000  -0.0000  -0.0000   0.0000  -0.0000   0.0000    0.215
   139   0.0000   0.6804   0.0460  -0.0000   0.0000  -0.0000  -0.0000  -0.0000   0.0000  -0.0000   0.0000    0.218
   140   0.0000   0.6560   0.0422  -0.0000   0.0000  -0.0000  -0.0000  -0.0000   0.0000  -0.0000   0.0000    0.219
   141   0.0000   0.6328   0.0383  -0.0000   0.0000  -0.0000  -0.0000  -0.0000   0.0000  -0.0000   0.0000    0.211
   142   0.0000   0.6112   0.0342  -0.0000   0.0000  -0.0000  -0.0000  -0.0000   0.0000  -0.0000   0.0000    0.207
   143   0.0000   0.5914   0.0301  -0.0000   0.0000  -0.0000  -0.0000  -0.0000   0.0000  -0.0000   0.0000    0.204
   144   0.0000   0.5736   0.0259  -0.0000   0.0000  -0.0000  -0.0000  -0.0000   0.0000  -0.0000   0.0000    0.196
   145   0.0000   0.5570   0.0246  -0.0000  -0.0000  -0.0000  -0.0000  -0.0000   0.0000  -0.0000   0.0000    0.191
   146   0.0000   0.5419   0.0200  -0.0000   0.0000  -0.0000  -0.0000  -0.0000   0.0000  -0.0000   0.0000    0.178
   147   0.0000   0.5297   0.0154  -0.0000   0.0000  -0.0000  -0.0000  -0.0000   0.0000  -0.0000   0.0000    0.166
   148   0.0000   0.5204   0.0109  -0.0000   0.0000  -0.0000  -0.0000  -0.0000   0.0000  -0.0000   0.0000    0.155
   149   0.0000   0.5141   0.0065  -0.0000  -0.0000  -0.0000  -0.0000  -0.0000   0.0000  -0.0000   0.0000    0.150
   150   0.0000   0.5110   0.0022  -0.0000   0.0000  -0.0000  -0.0000  -0.0000   0.0000  -0.0000   0.0000    0.137
 ---------------------------------------------------------------
