 ---------------------------------------------------------------
 Surface and Strip Forces by surface

  Forces referred to Sref, Cref, Bref about Xref, Yref, Zref
 Standard axis orientation,  X fwd, Z down         

  Surface # 1     main_wing                               
     # Chordwise = 10   # Spanwise = 30     First strip =  1
     Surface area =    8.662745       Ave. chord =    1.689678
     CLsurf  =   0.16803     Clsurf  =  -0.03909
     CYsurf  =  -0.02073     Cmsurf  =  -0.08201
     CDsurf  =   0.00352     Cnsurf  =   0.00410
     CDisurf =   0.00352     CDvsurf =   0.00000

  Forces referred to Ssurf, Cave about hinge axis thru LE
     CLsurf  =   0.33570     CDsurf  =   0.00699
     Deflect =

 Strip Forces referred to Strip Area, Chord
    j      Yle    Chord     Area     c cl      ai      cl_norm  cl       cd       cdv    cm_c/4    cm_LE  C.P.x/c
     1   0.0034   2.1937   0.0299   0.4992  -0.1093   0.2268   0.2268  -0.0241   0.0000  -0.0904  -0.1470    0.648
     2   0.0304   2.1884   0.0891   0.4145  -0.1061   0.1892   0.1892  -0.0087   0.0000  -0.0810  -0.1281    0.678
     3   0.0840   2.1777   0.1468   0.4123  -0.0987   0.1892   0.1892  -0.0073   0.0000  -0.0821  -0.1292    0.684
     4   0.1638   2.1619   0.2017   0.4221  -0.0870   0.1952   0.1952  -0.0064   0.0000  -0.0862  -0.1348    0.692
     5   0.2688   2.1410   0.2531   0.4425  -0.0714   0.2066   0.2066  -0.0054   0.0000  -0.0937  -0.1452    0.704
     6   0.3979   2.1154   0.3000   0.4777  -0.0520   0.2259   0.2259  -0.0037   0.0000  -0.1054  -0.1616    0.717
     7   0.5496   2.0852   0.3417   0.5236  -0.0289   0.2512   0.2512  -0.0014   0.0000  -0.1208  -0.1833    0.731
     8   0.7223   2.0509   0.3776   0.5770  -0.0021   0.2815   0.2815   0.0012   0.0000  -0.1396  -0.2097    0.746
     9   0.9142   2.0128   0.4073   0.6356   0.0292   0.3162   0.3162   0.0060   0.0000  -0.1605  -0.2391    0.758
    10   1.1285   1.9703   0.4526   0.6771   0.0434   0.3442   0.3442   0.0095   0.0000  -0.1768  -0.2623    0.764
    11   1.3637   1.9236   0.4694   0.6972   0.0387   0.3630   0.3630   0.0095   0.0000  -0.1860  -0.2762    0.762
    12   1.6118   1.8743   0.4793   0.7039   0.0385   0.3761   0.3761   0.0095   0.0000  -0.1919  -0.2853    0.760
    13   1.8700   1.8230   0.4823   0.7018   0.0450   0.3855   0.3855   0.0099   0.0000  -0.1957  -0.2915    0.758
    14   2.1357   1.7703   0.4789   0.6936   0.0551   0.3924   0.3924   0.0100   0.0000  -0.1983  -0.2958    0.755
    15   2.4057   1.7167   0.4695   0.6809   0.0591   0.3972   0.3972   0.0100   0.0000  -0.2000  -0.2987    0.753
    16   2.6723   1.6637   0.4384   0.6644   0.0574   0.3999   0.3999   0.0098   0.0000  -0.2009  -0.3003    0.752
    17   2.9325   1.6120   0.4201   0.6430   0.0547   0.3995   0.3995   0.0104   0.0000  -0.2011  -0.3004    0.753
    18   3.1884   1.5612   0.3979   0.6212   0.0526   0.3985   0.3985   0.0099   0.0000  -0.2011  -0.3001    0.755
    19   3.4372   1.5118   0.3724   0.5947   0.0514   0.3940   0.3940   0.0100   0.0000  -0.2004  -0.2983    0.759
    20   3.6775   1.4641   0.3480   0.5660   0.0513   0.3872   0.3872   0.0104   0.0000  -0.1991  -0.2953    0.764
    21   3.9066   1.4186   0.3174   0.5346   0.0522   0.3775   0.3775   0.0106   0.0000  -0.1970  -0.2908    0.772
    22   4.1206   1.3761   0.2853   0.4998   0.0543   0.3638   0.3638   0.0108   0.0000  -0.1937  -0.2841    0.782
    23   4.3172   1.3370   0.2522   0.4625   0.0576   0.3465   0.3465   0.0106   0.0000  -0.1886  -0.2747    0.795
    24   4.4942   1.3019   0.2186   0.4206   0.0622   0.3237   0.3237   0.0104   0.0000  -0.1812  -0.2616    0.810
    25   4.6536   1.2702   0.1944   0.3745   0.0682   0.2954   0.2954   0.0102   0.0000  -0.1702  -0.2435    0.826
    26   4.7929   1.2426   0.1585   0.3207   0.0759   0.2586   0.2586   0.0096   0.0000  -0.1540  -0.2182    0.845
    27   4.9062   1.2201   0.1229   0.2604   0.0847   0.2139   0.2139   0.0086   0.0000  -0.1316  -0.1847    0.865
    28   4.9923   1.2030   0.0875   0.1932   0.0944   0.1609   0.1609   0.0076   0.0000  -0.1020  -0.1420    0.884
    29   5.0502   1.1915   0.0524   0.1195   0.1040   0.1006   0.1006   0.0060   0.0000  -0.0652  -0.0902    0.899
    30   5.0794   1.1857   0.0174   0.0406   0.1105   0.0343   0.0343   0.0024   0.0000  -0.0225  -0.0311    0.906

  Surface # 2     main_wing (YDUP)                        
     # Chordwise = 10   # Spanwise = 30     First strip = 31
     Surface area =    8.662745       Ave. chord =    1.689678
     CLsurf  =   0.16803     Clsurf  =   0.03909
     CYsurf  =   0.02073     Cmsurf  =  -0.08201
     CDsurf  =   0.00352     Cnsurf  =  -0.00410
     CDisurf =   0.00352     CDvsurf =   0.00000

  Forces referred to Ssurf, Cave about hinge axis thru LE
     CLsurf  =   0.33570     CDsurf  =   0.00699
     Deflect =

 Strip Forces referred to Strip Area, Chord
    j      Yle    Chord     Area     c cl      ai      cl_norm  cl       cd       cdv    cm_c/4    cm_LE  C.P.x/c
    31  -0.0034   2.1937   0.0299   0.4992  -0.1093   0.2268   0.2268  -0.0241   0.0000  -0.0904   0.1470    0.648
    32  -0.0304   2.1884   0.0891   0.4145  -0.1061   0.1892   0.1892  -0.0087   0.0000  -0.0810   0.1281    0.678
    33  -0.0840   2.1777   0.1468   0.4123  -0.0987   0.1892   0.1892  -0.0073   0.0000  -0.0821   0.1292    0.684
    34  -0.1638   2.1619   0.2017   0.4221  -0.0870   0.1952   0.1952  -0.0064   0.0000  -0.0862   0.1348    0.692
    35  -0.2688   2.1410   0.2531   0.4425  -0.0714   0.2066   0.2066  -0.0054   0.0000  -0.0937   0.1452    0.704
    36  -0.3979   2.1154   0.3000   0.4777  -0.0520   0.2259   0.2259  -0.0037   0.0000  -0.1054   0.1616    0.717
    37  -0.5496   2.0852   0.3417   0.5236  -0.0289   0.2512   0.2512  -0.0014   0.0000  -0.1208   0.1833    0.731
    38  -0.7223   2.0509   0.3776   0.5770  -0.0021   0.2815   0.2815   0.0012   0.0000  -0.1396   0.2097    0.746
    39  -0.9142   2.0128   0.4073   0.6356   0.0292   0.3162   0.3162   0.0060   0.0000  -0.1605   0.2391    0.758
    40  -1.1285   1.9703   0.4526   0.6771   0.0434   0.3442   0.3442   0.0095   0.0000  -0.1768   0.2623    0.764
    41  -1.3637   1.9236   0.4694   0.6972   0.0387   0.3630   0.3630   0.0095   0.0000  -0.1860   0.2762    0.762
    42  -1.6118   1.8743   0.4793   0.7039   0.0385   0.3761   0.3761   0.0095   0.0000  -0.1919   0.2853    0.760
    43  -1.8700   1.8230   0.4823   0.7018   0.0450   0.3855   0.3855   0.0099   0.0000  -0.1957   0.2915    0.758
    44  -2.1357   1.7703   0.4789   0.6936   0.0551   0.3924   0.3924   0.0100   0.0000  -0.1983   0.2958    0.755
    45  -2.4057   1.7167   0.4695   0.6809   0.0591   0.3972   0.3972   0.0100   0.0000  -0.2000   0.2987    0.753
    46  -2.6723   1.6637   0.4384   0.6644   0.0574   0.3999   0.3999   0.0098   0.0000  -0.2009   0.3003    0.752
    47  -2.9325   1.6120   0.4201   0.6430   0.0547   0.3995   0.3995   0.0104   0.0000  -0.2011   0.3004    0.753
    48  -3.1884   1.5612   0.3979   0.6212   0.0526   0.3985   0.3985   0.0099   0.0000  -0.2011   0.3001    0.755
    49  -3.4372   1.5118   0.3724   0.5947   0.0514   0.3940   0.3940   0.0100   0.0000  -0.2004   0.2983    0.759
    50  -3.6775   1.4641   0.3480   0.5660   0.0513   0.3872   0.3872   0.0104   0.0000  -0.1991   0.2953    0.764
    51  -3.9066   1.4186   0.3174   0.5346   0.0522   0.3775   0.3775   0.0106   0.0000  -0.1970   0.2908    0.772
    52  -4.1206   1.3761   0.2853   0.4998   0.0543   0.3638   0.3638   0.0108   0.0000  -0.1937   0.2841    0.782
    53  -4.3172   1.3370   0.2522   0.4625   0.0576   0.3465   0.3465   0.0106   0.0000  -0.1886   0.2747    0.795
    54  -4.4942   1.3019   0.2186   0.4206   0.0622   0.3237   0.3237   0.0104   0.0000  -0.1812   0.2616    0.810
    55  -4.6536   1.2702   0.1944   0.3745   0.0682   0.2954   0.2954   0.0102   0.0000  -0.1702   0.2435    0.826
    56  -4.7929   1.2426   0.1585   0.3207   0.0759   0.2586   0.2586   0.0096   0.0000  -0.1540   0.2182    0.845
    57  -4.9062   1.2201   0.1229   0.2604   0.0847   0.2139   0.2139   0.0086   0.0000  -0.1316   0.1847    0.865
    58  -4.9923   1.2030   0.0875   0.1932   0.0944   0.1609   0.1609   0.0076   0.0000  -0.1020   0.1420    0.884
    59  -5.0502   1.1915   0.0524   0.1195   0.1040   0.1006   0.1006   0.0060   0.0000  -0.0652   0.0902    0.899
    60  -5.0794   1.1857   0.0174   0.0406   0.1105   0.0343   0.0343   0.0024   0.0000  -0.0225   0.0311    0.906

  Surface # 3     horizontal_stabilizer                   
     # Chordwise = 10   # Spanwise = 30     First strip = 61
     Surface area =    2.000000       Ave. chord =    1.000000
     CLsurf  =  -0.02695     Clsurf  =   0.00240
     CYsurf  =  -0.00005     Cmsurf  =   0.07146
     CDsurf  =  -0.00005     Cnsurf  =  -0.00007
     CDisurf =  -0.00005     CDvsurf =   0.00000

  Forces referred to Ssurf, Cave about hinge axis thru LE
     CLsurf  =  -0.23147     CDsurf  =  -0.00043
     Deflect =

 Strip Forces referred to Strip Area, Chord
    j      Yle    Chord     Area     c cl      ai      cl_norm  cl       cd       cdv    cm_c/4    cm_LE  C.P.x/c
    61   0.0014   1.1973   0.0069  -0.2574  -0.0238  -0.2150  -0.2143   0.0217   0.0000  -0.0006   0.0528    0.247
    62   0.0129   1.1951   0.0205  -0.2574  -0.0237  -0.2160  -0.2154   0.0037   0.0000  -0.0007   0.0529    0.247
    63   0.0357   1.1906   0.0338  -0.2573  -0.0234  -0.2169  -0.2162   0.0024   0.0000  -0.0008   0.0530    0.246
    64   0.0696   1.1839   0.0465  -0.2573  -0.0232  -0.2181  -0.2174   0.0020   0.0000  -0.0010   0.0531    0.246
    65   0.1141   1.1751   0.0585  -0.2574  -0.0229  -0.2198  -0.2191   0.0018   0.0000  -0.0012   0.0533    0.245
    66   0.1689   1.1642   0.0695  -0.2576  -0.0225  -0.2220  -0.2213   0.0017   0.0000  -0.0015   0.0535    0.243
    67   0.2315   1.1519   0.0750  -0.2579  -0.0221  -0.2247  -0.2240   0.0016   0.0000  -0.0018   0.0539    0.242
    68   0.3008   1.1382   0.0833  -0.2585  -0.0215  -0.2279  -0.2272   0.0010   0.0000  -0.0022   0.0543    0.240
    69   0.3777   1.1230   0.0903  -0.2592  -0.0209  -0.2317  -0.2309   0.0011   0.0000  -0.0026   0.0548    0.239
    70   0.4614   1.1064   0.0960  -0.2601  -0.0201  -0.2360  -0.2352   0.0008   0.0000  -0.0031   0.0553    0.237
    71   0.5511   1.0887   0.1004  -0.2611  -0.0193  -0.2407  -0.2399   0.0010   0.0000  -0.0037   0.0559    0.235
    72   0.6456   1.0700   0.1034  -0.2620  -0.0184  -0.2457  -0.2449   0.0006   0.0000  -0.0044   0.0565    0.232
    73   0.7441   1.0506   0.1050  -0.2624  -0.0175  -0.2507  -0.2499   0.0005   0.0000  -0.0051   0.0571    0.230
    74   0.8453   1.0306   0.1054  -0.2622  -0.0167  -0.2555  -0.2547  -0.0011   0.0000  -0.0058   0.0575    0.227
    75   0.9482   1.0102   0.1044  -0.2610  -0.0160  -0.2594  -0.2586  -0.0011   0.0000  -0.0066   0.0576    0.224
    76   1.0518   0.9898   0.1023  -0.2585  -0.0156  -0.2622  -0.2613  -0.0014   0.0000  -0.0075   0.0575    0.221
    77   1.1547   0.9694   0.0991  -0.2542  -0.0154  -0.2633  -0.2625  -0.0017   0.0000  -0.0083   0.0569    0.218
    78   1.2559   0.9494   0.0949  -0.2481  -0.0155  -0.2624  -0.2616  -0.0020   0.0000  -0.0092   0.0558    0.215
    79   1.3544   0.9300   0.0899  -0.2399  -0.0158  -0.2590  -0.2582  -0.0025   0.0000  -0.0100   0.0542    0.211
    80   1.4489   0.9113   0.0840  -0.2295  -0.0164  -0.2529  -0.2521  -0.0031   0.0000  -0.0108   0.0519    0.207
    81   1.5386   0.8936   0.0776  -0.2169  -0.0171  -0.2437  -0.2430  -0.0026   0.0000  -0.0115   0.0489    0.203
    82   1.6223   0.8770   0.0705  -0.2021  -0.0179  -0.2313  -0.2306  -0.0025   0.0000  -0.0121   0.0452    0.197
    83   1.6992   0.8618   0.0631  -0.1851  -0.0188  -0.2157  -0.2150  -0.0024   0.0000  -0.0125   0.0410    0.192
    84   1.7685   0.8481   0.0552  -0.1661  -0.0197  -0.1967  -0.1960  -0.0022   0.0000  -0.0126   0.0362    0.186
    85   1.8311   0.8358   0.0499  -0.1449  -0.0206  -0.1741  -0.1735  -0.0018   0.0000  -0.0123   0.0309    0.179
    86   1.8859   0.8249   0.0411  -0.1214  -0.0215  -0.1477  -0.1473  -0.0013   0.0000  -0.0114   0.0252    0.172
    87   1.9304   0.8161   0.0321  -0.0962  -0.0223  -0.1183  -0.1180  -0.0011   0.0000  -0.0100   0.0194    0.166
    88   1.9643   0.8094   0.0230  -0.0697  -0.0230  -0.0864  -0.0862  -0.0006   0.0000  -0.0078   0.0137    0.160
    89   1.9871   0.8049   0.0138  -0.0422  -0.0235  -0.0527  -0.0525  -0.0004   0.0000  -0.0050   0.0081    0.155
    90   1.9986   0.8027   0.0046  -0.0141  -0.0238  -0.0177  -0.0176  -0.0003   0.0000  -0.0017   0.0027    0.153

  Surface # 4     horizontal_stabilizer (YDUP)            
     # Chordwise = 10   # Spanwise = 30     First strip = 91
     Surface area =    2.000000       Ave. chord =    1.000000
     CLsurf  =  -0.02695     Clsurf  =  -0.00240
     CYsurf  =   0.00005     Cmsurf  =   0.07146
     CDsurf  =  -0.00005     Cnsurf  =   0.00007
     CDisurf =  -0.00005     CDvsurf =   0.00000

  Forces referred to Ssurf, Cave about hinge axis thru LE
     CLsurf  =  -0.23147     CDsurf  =  -0.00043
     Deflect =

 Strip Forces referred to Strip Area, Chord
    j      Yle    Chord     Area     c cl      ai      cl_norm  cl       cd       cdv    cm_c/4    cm_LE  C.P.x/c
    91  -0.0014   1.1973   0.0069  -0.2574  -0.0238  -0.2150  -0.2143   0.0217   0.0000  -0.0006  -0.0528    0.247
    92  -0.0129   1.1951   0.0205  -0.2574  -0.0237  -0.2160  -0.2154   0.0037   0.0000  -0.0007  -0.0529    0.247
    93  -0.0357   1.1906   0.0338  -0.2573  -0.0234  -0.2169  -0.2162   0.0024   0.0000  -0.0008  -0.0530    0.246
    94  -0.0696   1.1839   0.0465  -0.2573  -0.0232  -0.2181  -0.2174   0.0020   0.0000  -0.0010  -0.0531    0.246
    95  -0.1141   1.1751   0.0585  -0.2574  -0.0229  -0.2198  -0.2191   0.0018   0.0000  -0.0012  -0.0533    0.245
    96  -0.1689   1.1642   0.0695  -0.2576  -0.0225  -0.2220  -0.2213   0.0017   0.0000  -0.0015  -0.0535    0.243
    97  -0.2315   1.1519   0.0750  -0.2579  -0.0221  -0.2247  -0.2240   0.0016   0.0000  -0.0018  -0.0539    0.242
    98  -0.3008   1.1382   0.0833  -0.2585  -0.0215  -0.2279  -0.2272   0.0010   0.0000  -0.0022  -0.0543    0.240
    99  -0.3777   1.1230   0.0903  -0.2592  -0.0209  -0.2317  -0.2309   0.0011   0.0000  -0.0026  -0.0548    0.239
   100  -0.4614   1.1064   0.0960  -0.2601  -0.0201  -0.2360  -0.2352   0.0008   0.0000  -0.0031  -0.0553    0.237
   101  -0.5511   1.0887   0.1004  -0.2611  -0.0193  -0.2407  -0.2399   0.0010   0.0000  -0.0037  -0.0559    0.235
   102  -0.6456   1.0700   0.1034  -0.2620  -0.0184  -0.2457  -0.2449   0.0006   0.0000  -0.0044  -0.0565    0.232
   103  -0.7441   1.0506   0.1050  -0.2624  -0.0175  -0.2507  -0.2499   0.0005   0.0000  -0.0051  -0.0571    0.230
   104  -0.8453   1.0306   0.1054  -0.2622  -0.0167  -0.2555  -0.2547  -0.0011   0.0000  -0.0058  -0.0575    0.227
   105  -0.9482   1.0102   0.1044  -0.2610  -0.0160  -0.2594  -0.2586  -0.0011   0.0000  -0.0066  -0.0576    0.224
   106  -1.0518   0.9898   0.1023  -0.2585  -0.0156  -0.2622  -0.2613  -0.0014   0.0000  -0.0075  -0.0575    0.221
   107  -1.1547   0.9694   0.0991  -0.2542  -0.0154  -0.2633  -0.2625  -0.0017   0.0000  -0.0083  -0.0569    0.218
   108  -1.2559   0.9494   0.0949  -0.2481  -0.0155  -0.2624  -0.2616  -0.0020   0.0000  -0.0092  -0.0558    0.215
   109  -1.3544   0.9300   0.0899  -0.2399  -0.0158  -0.2590  -0.2582  -0.0025   0.0000  -0.0100  -0.0542    0.211
   110  -1.4489   0.9113   0.0840  -0.2295  -0.0164  -0.2529  -0.2521  -0.0031   0.0000  -0.0108  -0.0519    0.207
   111  -1.5386   0.8936   0.0776  -0.2169  -0.0171  -0.2437  -0.2430  -0.0026   0.0000  -0.0115  -0.0489    0.203
   112  -1.6223   0.8770   0.0705  -0.2021  -0.0179  -0.2313  -0.2306  -0.0025   0.0000  -0.0121  -0.0452    0.197
   113  -1.6992   0.8618   0.0631  -0.1851  -0.0188  -0.2157  -0.2150  -0.0024   0.0000  -0.0125  -0.0410    0.192
   114  -1.7685   0.8481   0.0552  -0.1661  -0.0197  -0.1967  -0.1960  -0.0022   0.0000  -0.0126  -0.0362    0.186
   115  -1.8311   0.8358   0.0499  -0.1449  -0.0206  -0.1741  -0.1735  -0.0018   0.0000  -0.0123  -0.0309    0.179
   116  -1.8859   0.8249   0.0411  -0.1214  -0.0215  -0.1477  -0.1473  -0.0013   0.0000  -0.0114  -0.0252    0.172
   117  -1.9304   0.8161   0.0321  -0.0962  -0.0223  -0.1183  -0.1180  -0.0011   0.0000  -0.0100  -0.0194    0.166
   118  -1.9643   0.8094   0.0230  -0.0697  -0.0230  -0.0864  -0.0862  -0.0006   0.0000  -0.0078  -0.0137    0.160
   119  -1.9871   0.8049   0.0138  -0.0422  -0.0235  -0.0527  -0.0525  -0.0004   0.0000  -0.0050  -0.0081    0.155
   120  -1.9986   0.8027   0.0046  -0.0141  -0.0238  -0.0177  -0.0176  -0.0003   0.0000  -0.0017  -0.0027    0.153

  Surface # 5     vertical_stabilizer                     
     # Chordwise = 10   # Spanwise = 30     First strip =121
     Surface area =    1.162981       Ave. chord =    0.785002
     CLsurf  =   0.00000     Clsurf  =  -0.00000
     CYsurf  =  -0.00000     Cmsurf  =  -0.00000
     CDsurf  =  -0.00000     Cnsurf  =   0.00000
     CDisurf =  -0.00000     CDvsurf =   0.00000

  Forces referred to Ssurf, Cave about hinge axis thru LE
     CLsurf  =   0.00000     CDsurf  =  -0.00000
     Deflect =

 Strip Forces referred to Strip Area, Chord
    j      Yle    Chord     Area     c cl      ai      cl_norm  cl       cd       cdv    cm_c/4    cm_LE  C.P.x/c
   121   0.0000   1.0573   0.0140   0.0000  -0.0000   0.0000   0.0000   0.0000   0.0000   0.0000  -0.0000    0.250
   122   0.0000   1.0509   0.0227   0.0000  -0.0000   0.0000   0.0000   0.0000   0.0000   0.0000  -0.0000    0.244
   123   0.0000   1.0413   0.0311   0.0000  -0.0000   0.0000   0.0000   0.0000   0.0000   0.0000  -0.0000    0.240
   124   0.0000   1.0287   0.0389   0.0000  -0.0000   0.0000   0.0000   0.0000   0.0000   0.0000  -0.0000    0.237
   125   0.0000   1.0133   0.0461   0.0000  -0.0000   0.0000   0.0000   0.0000   0.0000   0.0000  -0.0000    0.242
   126   0.0000   0.9966   0.0440   0.0000  -0.0000   0.0000   0.0000  -0.0000   0.0000   0.0000  -0.0000    0.229
   127   0.0000   0.9792   0.0488   0.0000  -0.0000   0.0000   0.0000   0.0000   0.0000   0.0000  -0.0000    0.211
   128   0.0000   0.9597   0.0527   0.0000  -0.0000   0.0000   0.0000   0.0000   0.0000   0.0000  -0.0000    0.216
   129   0.0000   0.9385   0.0559   0.0000  -0.0000   0.0000   0.0000   0.0000   0.0000   0.0000  -0.0000    0.220
   130   0.0000   0.9157   0.0582   0.0000   0.0000   0.0000   0.0000  -0.0000   0.0000   0.0000  -0.0000    0.225
   131   0.0000   0.8915   0.0596   0.0000  -0.0000   0.0000   0.0000  -0.0000   0.0000   0.0000  -0.0000    0.221
   132   0.0000   0.8662   0.0602   0.0000   0.0000   0.0000   0.0000  -0.0000   0.0000   0.0000  -0.0000    0.224
   133   0.0000   0.8401   0.0601   0.0000   0.0000   0.0000   0.0000  -0.0000   0.0000   0.0000  -0.0000    0.231
   134   0.0000   0.8133   0.0592   0.0000  -0.0000   0.0000   0.0000  -0.0000   0.0000   0.0000  -0.0000    0.227
   135   0.0000   0.7863   0.0576   0.0000   0.0000   0.0000   0.0000  -0.0000   0.0000   0.0000  -0.0000    0.226
   136   0.0000   0.7592   0.0554   0.0000  -0.0000   0.0000   0.0000  -0.0000   0.0000   0.0000  -0.0000    0.224
   137   0.0000   0.7323   0.0527   0.0000  -0.0000   0.0000   0.0000  -0.0000   0.0000   0.0000  -0.0000    0.227
   138   0.0000   0.7060   0.0495   0.0000  -0.0000   0.0000   0.0000  -0.0000   0.0000   0.0000  -0.0000    0.233
   139   0.0000   0.6804   0.0460   0.0000   0.0000   0.0000   0.0000  -0.0000   0.0000   0.0000  -0.0000    0.237
   140   0.0000   0.6560   0.0422   0.0000  -0.0000   0.0000   0.0000  -0.0000   0.0000   0.0000  -0.0000    0.231
   141   0.0000   0.6328   0.0383   0.0000  -0.0000   0.0000   0.0000  -0.0000   0.0000   0.0000  -0.0000    0.223
   142   0.0000   0.6112   0.0342   0.0000  -0.0000   0.0000   0.0000  -0.0000   0.0000   0.0000  -0.0000    0.213
   143   0.0000   0.5914   0.0301   0.0000  -0.0000   0.0000   0.0000  -0.0000   0.0000   0.0000  -0.0000    0.209
   144   0.0000   0.5736   0.0259   0.0000   0.0000   0.0000   0.0000  -0.0000   0.0000   0.0000  -0.0000    0.208
   145   0.0000   0.5570   0.0246   0.0000  -0.0000   0.0000   0.0000  -0.0000   0.0000   0.0000  -0.0000    0.209
   146   0.0000   0.5419   0.0200   0.0000  -0.0000   0.0000   0.0000  -0.0000   0.0000   0.0000  -0.0000    0.202
   147   0.0000   0.5297   0.0154   0.0000  -0.0000   0.0000   0.0000  -0.0000   0.0000   0.0000  -0.0000    0.196
   148   0.0000   0.5204   0.0109   0.0000  -0.0000   0.0000   0.0000  -0.0000   0.0000   0.0000  -0.0000    0.179
   149   0.0000   0.5141   0.0065   0.0000  -0.0000   0.0000   0.0000  -0.0000   0.0000   0.0000  -0.0000    0.188
   150   0.0000   0.5110   0.0022   0.0000   0.0000   0.0000   0.0000  -0.0000   0.0000   0.0000  -0.0000    0.198
 ---------------------------------------------------------------
