 ---------------------------------------------------------------
 Surface and Strip Forces by surface

  Forces referred to Sref, Cref, Bref about Xref, Yref, Zref
 Standard axis orientation,  X fwd, Z down         

  Surface # 1     main_wing                               
     # Chordwise = 10   # Spanwise = 30     First strip =  1
     Surface area =    8.662745       Ave. chord =    1.689678
     CLsurf  =   0.58950     Clsurf  =  -0.12495
     CYsurf  =  -0.08628     Cmsurf  =  -0.04187
     CDsurf  =   0.03757     Cnsurf  =  -0.01092
     CDisurf =   0.03757     CDvsurf =   0.00000

  Forces referred to Ssurf, Cave about hinge axis thru LE
     CLsurf  =   1.18122     CDsurf  =   0.07449
     Deflect =

 Strip Forces referred to Strip Area, Chord
    j      Yle    Chord     Area     c cl      ai      cl_norm  cl       cd       cdv    cm_c/4    cm_LE  C.P.x/c
     1   0.0034   2.1937   0.0299   3.2659   0.0498   1.4834   1.4823   0.1650   0.0000  -0.0392  -0.4116    0.276
     2   0.0304   2.1884   0.0891   2.3668   0.0514   1.0860   1.0852   0.0724   0.0000  -0.0473  -0.3181    0.294
     3   0.0840   2.1777   0.1468   2.3065   0.0571   1.0652   1.0645   0.0606   0.0000  -0.0493  -0.3146    0.296
     4   0.1638   2.1619   0.2017   2.3004   0.0669   1.0708   1.0701   0.0575   0.0000  -0.0534  -0.3199    0.300
     5   0.2688   2.1410   0.2531   2.3002   0.0803   1.0825   1.0818   0.0501   0.0000  -0.0612  -0.3302    0.307
     6   0.3979   2.1154   0.3000   2.3397   0.0970   1.1122   1.1114   0.0647   0.0000  -0.0704  -0.3473    0.313
     7   0.5496   2.0852   0.3417   2.3827   0.1168   1.1494   1.1487   0.0643   0.0000  -0.0837  -0.3698    0.323
     8   0.7223   2.0509   0.3776   2.3915   0.1395   1.1737   1.1729   0.0617   0.0000  -0.1003  -0.3922    0.336
     9   0.9142   2.0128   0.4073   2.4331   0.1659   1.2162   1.2153   0.0670   0.0000  -0.1170  -0.4195    0.346
    10   1.1285   1.9703   0.4526   2.4316   0.1743   1.2415   1.2407   0.0692   0.0000  -0.1326  -0.4415    0.357
    11   1.3637   1.9236   0.4694   2.4235   0.1618   1.2665   1.2656   0.0759   0.0000  -0.1400  -0.4553    0.361
    12   1.6118   1.8743   0.4793   2.3916   0.1487   1.2827   1.2818   0.0770   0.0000  -0.1439  -0.4632    0.362
    13   1.8700   1.8230   0.4823   2.3402   0.1333   1.2901   1.2892   0.0797   0.0000  -0.1463  -0.4675    0.363
    14   2.1357   1.7703   0.4789   2.2863   0.1182   1.2979   1.2970   0.0800   0.0000  -0.1477  -0.4709    0.364
    15   2.4057   1.7167   0.4695   2.2243   0.1106   1.3022   1.3014   0.0797   0.0000  -0.1482  -0.4724    0.364
    16   2.6723   1.6637   0.4384   2.1571   0.1096   1.3033   1.3024   0.0784   0.0000  -0.1483  -0.4728    0.364
    17   2.9325   1.6120   0.4201   2.0747   0.1113   1.2933   1.2924   0.0804   0.0000  -0.1478  -0.4699    0.364
    18   3.1884   1.5612   0.3979   1.9951   0.1142   1.2843   1.2834   0.0792   0.0000  -0.1471  -0.4669    0.365
    19   3.4372   1.5118   0.3724   1.9017   0.1182   1.2638   1.2630   0.0797   0.0000  -0.1456  -0.4604    0.365
    20   3.6775   1.4641   0.3480   1.8004   0.1234   1.2348   1.2339   0.0821   0.0000  -0.1435  -0.4512    0.366
    21   3.9066   1.4186   0.3174   1.6911   0.1302   1.1964   1.1956   0.0833   0.0000  -0.1407  -0.4390    0.368
    22   4.1206   1.3761   0.2853   1.5704   0.1387   1.1443   1.1435   0.0852   0.0000  -0.1367  -0.4223    0.370
    23   4.3172   1.3370   0.2522   1.4444   0.1491   1.0826   1.0819   0.0840   0.0000  -0.1315  -0.4018    0.372
    24   4.4942   1.3019   0.2186   1.3029   0.1612   1.0020   1.0013   0.0835   0.0000  -0.1244  -0.3748    0.374
    25   4.6536   1.2702   0.1944   1.1478   0.1755   0.9037   0.9031   0.0811   0.0000  -0.1150  -0.3412    0.377
    26   4.7929   1.2426   0.1585   0.9710   0.1916   0.7804   0.7799   0.0762   0.0000  -0.1024  -0.2980    0.381
    27   4.9062   1.2201   0.1229   0.7801   0.2088   0.6379   0.6375   0.0662   0.0000  -0.0862  -0.2462    0.385
    28   4.9923   1.2030   0.0875   0.5718   0.2261   0.4736   0.4733   0.0524   0.0000  -0.0660  -0.1849    0.389
    29   5.0502   1.1915   0.0524   0.3502   0.2423   0.2926   0.2924   0.0342   0.0000  -0.0419  -0.1154    0.393
    30   5.0794   1.1857   0.0174   0.1183   0.2535   0.0993   0.0992   0.0121   0.0000  -0.0144  -0.0394    0.396

  Surface # 2     main_wing (YDUP)                        
     # Chordwise = 10   # Spanwise = 30     First strip = 31
     Surface area =    8.662745       Ave. chord =    1.689678
     CLsurf  =   0.58950     Clsurf  =   0.12495
     CYsurf  =   0.08628     Cmsurf  =  -0.04187
     CDsurf  =   0.03757     Cnsurf  =   0.01092
     CDisurf =   0.03757     CDvsurf =   0.00000

  Forces referred to Ssurf, Cave about hinge axis thru LE
     CLsurf  =   1.18121     CDsurf  =   0.07449
     Deflect =

 Strip Forces referred to Strip Area, Chord
    j      Yle    Chord     Area     c cl      ai      cl_norm  cl       cd       cdv    cm_c/4    cm_LE  C.P.x/c
    31  -0.0034   2.1937   0.0299   3.2659   0.0498   1.4834   1.4823   0.1651   0.0000  -0.0392   0.4116    0.276
    32  -0.0304   2.1884   0.0891   2.3668   0.0514   1.0860   1.0852   0.0724   0.0000  -0.0473   0.3181    0.294
    33  -0.0840   2.1777   0.1468   2.3065   0.0571   1.0652   1.0645   0.0606   0.0000  -0.0493   0.3146    0.296
    34  -0.1638   2.1619   0.2017   2.3004   0.0669   1.0708   1.0701   0.0575   0.0000  -0.0534   0.3199    0.300
    35  -0.2688   2.1410   0.2531   2.3002   0.0803   1.0825   1.0818   0.0501   0.0000  -0.0612   0.3302    0.307
    36  -0.3979   2.1154   0.3000   2.3397   0.0970   1.1122   1.1114   0.0647   0.0000  -0.0704   0.3473    0.313
    37  -0.5496   2.0852   0.3417   2.3827   0.1168   1.1494   1.1487   0.0643   0.0000  -0.0837   0.3698    0.323
    38  -0.7223   2.0509   0.3776   2.3915   0.1395   1.1737   1.1729   0.0617   0.0000  -0.1003   0.3922    0.336
    39  -0.9142   2.0128   0.4073   2.4331   0.1659   1.2162   1.2153   0.0670   0.0000  -0.1170   0.4195    0.346
    40  -1.1285   1.9703   0.4526   2.4316   0.1743   1.2415   1.2407   0.0692   0.0000  -0.1326   0.4415    0.357
    41  -1.3637   1.9236   0.4694   2.4235   0.1618   1.2665   1.2656   0.0759   0.0000  -0.1400   0.4553    0.361
    42  -1.6118   1.8743   0.4793   2.3916   0.1487   1.2827   1.2818   0.0770   0.0000  -0.1439   0.4632    0.362
    43  -1.8700   1.8230   0.4823   2.3402   0.1333   1.2901   1.2892   0.0797   0.0000  -0.1463   0.4675    0.363
    44  -2.1357   1.7703   0.4789   2.2863   0.1182   1.2979   1.2970   0.0800   0.0000  -0.1477   0.4709    0.364
    45  -2.4057   1.7167   0.4695   2.2243   0.1106   1.3022   1.3014   0.0797   0.0000  -0.1482   0.4724    0.364
    46  -2.6723   1.6637   0.4384   2.1571   0.1096   1.3033   1.3024   0.0784   0.0000  -0.1483   0.4728    0.364
    47  -2.9325   1.6120   0.4201   2.0747   0.1113   1.2933   1.2924   0.0804   0.0000  -0.1478   0.4699    0.364
    48  -3.1884   1.5612   0.3979   1.9951   0.1142   1.2843   1.2834   0.0792   0.0000  -0.1471   0.4669    0.365
    49  -3.4372   1.5118   0.3724   1.9017   0.1182   1.2638   1.2630   0.0797   0.0000  -0.1456   0.4604    0.365
    50  -3.6775   1.4641   0.3480   1.8004   0.1234   1.2348   1.2339   0.0821   0.0000  -0.1435   0.4512    0.366
    51  -3.9066   1.4186   0.3174   1.6911   0.1302   1.1964   1.1956   0.0833   0.0000  -0.1407   0.4390    0.368
    52  -4.1206   1.3761   0.2853   1.5704   0.1387   1.1443   1.1435   0.0852   0.0000  -0.1367   0.4223    0.370
    53  -4.3172   1.3370   0.2522   1.4444   0.1491   1.0826   1.0819   0.0840   0.0000  -0.1315   0.4018    0.372
    54  -4.4942   1.3019   0.2186   1.3029   0.1612   1.0020   1.0013   0.0835   0.0000  -0.1244   0.3748    0.374
    55  -4.6536   1.2702   0.1944   1.1478   0.1755   0.9037   0.9031   0.0811   0.0000  -0.1150   0.3412    0.377
    56  -4.7929   1.2426   0.1585   0.9710   0.1916   0.7804   0.7799   0.0762   0.0000  -0.1024   0.2980    0.381
    57  -4.9062   1.2201   0.1229   0.7801   0.2088   0.6379   0.6375   0.0662   0.0000  -0.0862   0.2462    0.385
    58  -4.9923   1.2030   0.0875   0.5718   0.2261   0.4736   0.4733   0.0524   0.0000  -0.0660   0.1849    0.389
    59  -5.0502   1.1915   0.0524   0.3502   0.2423   0.2926   0.2924   0.0342   0.0000  -0.0419   0.1154    0.393
    60  -5.0794   1.1857   0.0174   0.1183   0.2535   0.0993   0.0992   0.0121   0.0000  -0.0144   0.0394    0.396

  Surface # 3     horizontal_stabilizer                   
     # Chordwise = 10   # Spanwise = 30     First strip = 61
     Surface area =    2.000000       Ave. chord =    1.000000
     CLsurf  =   0.02939     Clsurf  =  -0.00239
     CYsurf  =  -0.00064     Cmsurf  =  -0.07921
     CDsurf  =   0.00376     Cnsurf  =   0.00022
     CDisurf =   0.00376     CDvsurf =   0.00000

  Forces referred to Ssurf, Cave about hinge axis thru LE
     CLsurf  =   0.25244     CDsurf  =   0.03232
     Deflect =

 Strip Forces referred to Strip Area, Chord
    j      Yle    Chord     Area     c cl      ai      cl_norm  cl       cd       cdv    cm_c/4    cm_LE  C.P.x/c
    61   0.0014   1.1973   0.0069   0.3546   0.1404   0.2900   0.2892   0.0656   0.0000   0.0013  -0.0723    0.245
    62   0.0129   1.1951   0.0205   0.3546   0.1401   0.2952   0.2943   0.0394   0.0000   0.0014  -0.0724    0.245
    63   0.0357   1.1906   0.0338   0.3544   0.1398   0.2965   0.2956   0.0376   0.0000   0.0015  -0.0725    0.245
    64   0.0696   1.1839   0.0465   0.3539   0.1394   0.2979   0.2970   0.0371   0.0000   0.0017  -0.0726    0.244
    65   0.1141   1.1751   0.0585   0.3529   0.1390   0.2994   0.2985   0.0369   0.0000   0.0020  -0.0727    0.243
    66   0.1689   1.1642   0.0695   0.3511   0.1387   0.3007   0.2998   0.0367   0.0000   0.0022  -0.0728    0.243
    67   0.2315   1.1519   0.0750   0.3484   0.1384   0.3015   0.3006   0.0369   0.0000   0.0023  -0.0729    0.242
    68   0.3008   1.1382   0.0833   0.3445   0.1381   0.3019   0.3010   0.0361   0.0000   0.0024  -0.0729    0.242
    69   0.3777   1.1230   0.0903   0.3393   0.1380   0.3012   0.3003   0.0368   0.0000   0.0024  -0.0727    0.242
    70   0.4614   1.1064   0.0960   0.3326   0.1379   0.2997   0.2988   0.0368   0.0000   0.0024  -0.0724    0.242
    71   0.5511   1.0887   0.1004   0.3244   0.1380   0.2969   0.2960   0.0371   0.0000   0.0023  -0.0718    0.242
    72   0.6456   1.0700   0.1034   0.3147   0.1382   0.2931   0.2922   0.0367   0.0000   0.0022  -0.0710    0.243
    73   0.7441   1.0506   0.1050   0.3037   0.1386   0.2882   0.2873   0.0354   0.0000   0.0020  -0.0699    0.243
    74   0.8453   1.0306   0.1054   0.2916   0.1392   0.2819   0.2811   0.0351   0.0000   0.0019  -0.0685    0.243
    75   0.9482   1.0102   0.1044   0.2785   0.1398   0.2746   0.2738   0.0348   0.0000   0.0018  -0.0667    0.243
    76   1.0518   0.9898   0.1023   0.2647   0.1406   0.2663   0.2655   0.0340   0.0000   0.0018  -0.0647    0.243
    77   1.1547   0.9694   0.0991   0.2503   0.1414   0.2570   0.2562   0.0337   0.0000   0.0019  -0.0623    0.243
    78   1.2559   0.9494   0.0949   0.2355   0.1422   0.2468   0.2461   0.0328   0.0000   0.0021  -0.0596    0.242
    79   1.3544   0.9300   0.0899   0.2203   0.1432   0.2358   0.2351   0.0311   0.0000   0.0024  -0.0566    0.240
    80   1.4489   0.9113   0.0840   0.2048   0.1442   0.2237   0.2231   0.0290   0.0000   0.0027  -0.0531    0.238
    81   1.5386   0.8936   0.0776   0.1888   0.1453   0.2101   0.2095   0.0286   0.0000   0.0032  -0.0493    0.235
    82   1.6223   0.8770   0.0705   0.1723   0.1465   0.1953   0.1947   0.0267   0.0000   0.0037  -0.0451    0.231
    83   1.6992   0.8618   0.0631   0.1551   0.1478   0.1790   0.1785   0.0246   0.0000   0.0042  -0.0406    0.226
    84   1.7685   0.8481   0.0552   0.1374   0.1491   0.1610   0.1605   0.0223   0.0000   0.0046  -0.0356    0.221
    85   1.8311   0.8358   0.0499   0.1185   0.1504   0.1410   0.1406   0.0196   0.0000   0.0049  -0.0304    0.215
    86   1.8859   0.8249   0.0411   0.0985   0.1517   0.1186   0.1182   0.0170   0.0000   0.0049  -0.0248    0.209
    87   1.9304   0.8161   0.0321   0.0776   0.1528   0.0945   0.0942   0.0135   0.0000   0.0045  -0.0191    0.202
    88   1.9643   0.8094   0.0230   0.0560   0.1539   0.0687   0.0685   0.0099   0.0000   0.0037  -0.0135    0.196
    89   1.9871   0.8049   0.0138   0.0338   0.1547   0.0417   0.0416   0.0061   0.0000   0.0025  -0.0080    0.191
    90   1.9986   0.8027   0.0046   0.0113   0.1551   0.0140   0.0140   0.0020   0.0000   0.0009  -0.0027    0.188

  Surface # 4     horizontal_stabilizer (YDUP)            
     # Chordwise = 10   # Spanwise = 30     First strip = 91
     Surface area =    2.000000       Ave. chord =    1.000000
     CLsurf  =   0.02939     Clsurf  =   0.00239
     CYsurf  =   0.00064     Cmsurf  =  -0.07921
     CDsurf  =   0.00376     Cnsurf  =  -0.00022
     CDisurf =   0.00376     CDvsurf =   0.00000

  Forces referred to Ssurf, Cave about hinge axis thru LE
     CLsurf  =   0.25244     CDsurf  =   0.03232
     Deflect =

 Strip Forces referred to Strip Area, Chord
    j      Yle    Chord     Area     c cl      ai      cl_norm  cl       cd       cdv    cm_c/4    cm_LE  C.P.x/c
    91  -0.0014   1.1973   0.0069   0.3546   0.1404   0.2900   0.2892   0.0656   0.0000   0.0013   0.0723    0.245
    92  -0.0129   1.1951   0.0205   0.3546   0.1401   0.2952   0.2943   0.0394   0.0000   0.0014   0.0724    0.245
    93  -0.0357   1.1906   0.0338   0.3544   0.1398   0.2965   0.2956   0.0376   0.0000   0.0015   0.0725    0.245
    94  -0.0696   1.1839   0.0465   0.3539   0.1394   0.2979   0.2970   0.0371   0.0000   0.0017   0.0726    0.244
    95  -0.1141   1.1751   0.0585   0.3529   0.1390   0.2994   0.2985   0.0369   0.0000   0.0020   0.0727    0.243
    96  -0.1689   1.1642   0.0695   0.3511   0.1387   0.3007   0.2998   0.0367   0.0000   0.0022   0.0728    0.243
    97  -0.2315   1.1519   0.0750   0.3484   0.1384   0.3015   0.3006   0.0369   0.0000   0.0023   0.0729    0.242
    98  -0.3008   1.1382   0.0833   0.3445   0.1381   0.3019   0.3010   0.0361   0.0000   0.0024   0.0729    0.242
    99  -0.3777   1.1230   0.0903   0.3393   0.1380   0.3012   0.3003   0.0368   0.0000   0.0024   0.0727    0.242
   100  -0.4614   1.1064   0.0960   0.3326   0.1379   0.2997   0.2988   0.0368   0.0000   0.0024   0.0724    0.242
   101  -0.5511   1.0887   0.1004   0.3244   0.1380   0.2969   0.2960   0.0371   0.0000   0.0023   0.0718    0.242
   102  -0.6456   1.0700   0.1034   0.3147   0.1382   0.2931   0.2922   0.0367   0.0000   0.0022   0.0710    0.243
   103  -0.7441   1.0506   0.1050   0.3037   0.1386   0.2882   0.2873   0.0354   0.0000   0.0020   0.0699    0.243
   104  -0.8453   1.0306   0.1054   0.2916   0.1392   0.2819   0.2811   0.0351   0.0000   0.0019   0.0685    0.243
   105  -0.9482   1.0102   0.1044   0.2785   0.1398   0.2746   0.2738   0.0348   0.0000   0.0018   0.0667    0.243
   106  -1.0518   0.9898   0.1023   0.2647   0.1406   0.2663   0.2655   0.0340   0.0000   0.0018   0.0647    0.243
   107  -1.1547   0.9694   0.0991   0.2503   0.1414   0.2570   0.2562   0.0337   0.0000   0.0019   0.0623    0.243
   108  -1.2559   0.9494   0.0949   0.2355   0.1422   0.2468   0.2461   0.0328   0.0000   0.0021   0.0596    0.242
   109  -1.3544   0.9300   0.0899   0.2203   0.1432   0.2358   0.2351   0.0311   0.0000   0.0024   0.0566    0.240
   110  -1.4489   0.9113   0.0840   0.2048   0.1442   0.2237   0.2231   0.0290   0.0000   0.0027   0.0531    0.238
   111  -1.5386   0.8936   0.0776   0.1888   0.1453   0.2101   0.2095   0.0286   0.0000   0.0032   0.0493    0.235
   112  -1.6223   0.8770   0.0705   0.1723   0.1465   0.1953   0.1947   0.0267   0.0000   0.0037   0.0451    0.231
   113  -1.6992   0.8618   0.0631   0.1551   0.1478   0.1790   0.1785   0.0246   0.0000   0.0042   0.0406    0.226
   114  -1.7685   0.8481   0.0552   0.1374   0.1491   0.1610   0.1605   0.0223   0.0000   0.0046   0.0356    0.221
   115  -1.8311   0.8358   0.0499   0.1185   0.1504   0.1410   0.1406   0.0196   0.0000   0.0049   0.0304    0.215
   116  -1.8859   0.8249   0.0411   0.0985   0.1517   0.1186   0.1182   0.0170   0.0000   0.0049   0.0248    0.209
   117  -1.9304   0.8161   0.0321   0.0776   0.1528   0.0945   0.0942   0.0135   0.0000   0.0045   0.0191    0.202
   118  -1.9643   0.8094   0.0230   0.0560   0.1539   0.0687   0.0685   0.0099   0.0000   0.0037   0.0135    0.196
   119  -1.9871   0.8049   0.0138   0.0338   0.1547   0.0417   0.0416   0.0061   0.0000   0.0025   0.0080    0.191
   120  -1.9986   0.8027   0.0046   0.0113   0.1551   0.0140   0.0140   0.0020   0.0000   0.0009   0.0027    0.188

  Surface # 5     vertical_stabilizer                     
     # Chordwise = 10   # Spanwise = 30     First strip =121
     Surface area =    1.162981       Ave. chord =    0.785002
     CLsurf  =   0.00000     Clsurf  =   0.00000
     CYsurf  =   0.00000     Cmsurf  =  -0.00000
     CDsurf  =  -0.00000     Cnsurf  =  -0.00000
     CDisurf =  -0.00000     CDvsurf =   0.00000

  Forces referred to Ssurf, Cave about hinge axis thru LE
     CLsurf  =  -0.00000     CDsurf  =  -0.00000
     Deflect =

 Strip Forces referred to Strip Area, Chord
    j      Yle    Chord     Area     c cl      ai      cl_norm  cl       cd       cdv    cm_c/4    cm_LE  C.P.x/c
   121   0.0000   1.0573   0.0140  -0.0000   0.0000  -0.0000  -0.0000   0.0000   0.0000  -0.0000   0.0000    0.186
   122   0.0000   1.0509   0.0227  -0.0000   0.0000  -0.0000  -0.0000   0.0000   0.0000  -0.0000   0.0000    0.193
   123   0.0000   1.0413   0.0311  -0.0000   0.0000  -0.0000  -0.0000  -0.0000   0.0000  -0.0000   0.0000    0.188
   124   0.0000   1.0287   0.0389  -0.0000  -0.0000  -0.0000  -0.0000  -0.0000   0.0000  -0.0000   0.0000    0.203
   125   0.0000   1.0133   0.0461  -0.0000   0.0000  -0.0000  -0.0000  -0.0000   0.0000  -0.0000   0.0000    0.196
   126   0.0000   0.9966   0.0440  -0.0000  -0.0000  -0.0000  -0.0000  -0.0000   0.0000  -0.0000   0.0000    0.201
   127   0.0000   0.9792   0.0488  -0.0000  -0.0000  -0.0000  -0.0000  -0.0000   0.0000  -0.0000   0.0000    0.199
   128   0.0000   0.9597   0.0527  -0.0000   0.0000  -0.0000  -0.0000  -0.0000   0.0000  -0.0000   0.0000    0.203
   129   0.0000   0.9385   0.0559  -0.0000   0.0000  -0.0000  -0.0000  -0.0000   0.0000  -0.0000   0.0000    0.206
   130   0.0000   0.9157   0.0582  -0.0000  -0.0000  -0.0000  -0.0000  -0.0000   0.0000  -0.0000   0.0000    0.209
   131   0.0000   0.8915   0.0596  -0.0000  -0.0000  -0.0000  -0.0000  -0.0000   0.0000  -0.0000   0.0000    0.209
   132   0.0000   0.8662   0.0602  -0.0000   0.0000  -0.0000  -0.0000  -0.0000   0.0000  -0.0000   0.0000    0.224
   133   0.0000   0.8401   0.0601  -0.0000   0.0000  -0.0000  -0.0000  -0.0000   0.0000  -0.0000   0.0000    0.219
   134   0.0000   0.8133   0.0592  -0.0000   0.0000  -0.0000  -0.0000   0.0000   0.0000  -0.0000   0.0000    0.221
   135   0.0000   0.7863   0.0576  -0.0000   0.0000  -0.0000  -0.0000  -0.0000   0.0000  -0.0000   0.0000    0.223
   136   0.0000   0.7592   0.0554  -0.0000   0.0000  -0.0000  -0.0000  -0.0000   0.0000  -0.0000   0.0000    0.222
   137   0.0000   0.7323   0.0527  -0.0000   0.0000  -0.0000  -0.0000  -0.0000   0.0000  -0.0000   0.0000    0.221
   138   0.0000   0.7060   0.0495  -0.0000   0.0000  -0.0000  -0.0000  -0.0000   0.0000  -0.0000   0.0000    0.219
   139   0.0000   0.6804   0.0460  -0.0000   0.0000  -0.0000  -0.0000  -0.0000   0.0000  -0.0000   0.0000    0.219
   140   0.0000   0.6560   0.0422  -0.0000   0.0000  -0.0000  -0.0000  -0.0000   0.0000  -0.0000   0.0000    0.215
   141   0.0000   0.6328   0.0383  -0.0000   0.0000  -0.0000  -0.0000  -0.0000   0.0000  -0.0000   0.0000    0.216
   142   0.0000   0.6112   0.0342  -0.0000   0.0000  -0.0000  -0.0000  -0.0000   0.0000  -0.0000   0.0000    0.210
   143   0.0000   0.5914   0.0301  -0.0000   0.0000  -0.0000  -0.0000  -0.0000   0.0000  -0.0000   0.0000    0.205
   144   0.0000   0.5736   0.0259  -0.0000  -0.0000  -0.0000  -0.0000  -0.0000   0.0000  -0.0000   0.0000    0.202
   145   0.0000   0.5570   0.0246  -0.0000   0.0000  -0.0000  -0.0000  -0.0000   0.0000  -0.0000   0.0000    0.192
   146   0.0000   0.5419   0.0200  -0.0000   0.0000  -0.0000  -0.0000  -0.0000   0.0000  -0.0000   0.0000    0.186
   147   0.0000   0.5297   0.0154  -0.0000   0.0000  -0.0000  -0.0000  -0.0000   0.0000  -0.0000   0.0000    0.171
   148   0.0000   0.5204   0.0109  -0.0000   0.0000  -0.0000  -0.0000  -0.0000   0.0000  -0.0000   0.0000    0.166
   149   0.0000   0.5141   0.0065  -0.0000   0.0000  -0.0000  -0.0000  -0.0000   0.0000  -0.0000   0.0000    0.150
   150   0.0000   0.5110   0.0022  -0.0000   0.0000  -0.0000  -0.0000  -0.0000   0.0000  -0.0000   0.0000    0.153
 ---------------------------------------------------------------
