 ---------------------------------------------------------------
 Surface and Strip Forces by surface

  Forces referred to Sref, Cref, Bref about Xref, Yref, Zref
 Standard axis orientation,  X fwd, Z down         

  Surface # 1     main_wing                               
     # Chordwise = 10   # Spanwise = 30     First strip =  1
     Surface area =    8.662745       Ave. chord =    1.689678
     CLsurf  =   0.60278     Clsurf  =  -0.12878
     CYsurf  =  -0.08275     Cmsurf  =  -0.09714
     CDsurf  =   0.03869     Cnsurf  =   0.00058
     CDisurf =   0.03869     CDvsurf =   0.00000

  Forces referred to Ssurf, Cave about hinge axis thru LE
     CLsurf  =   1.20643     CDsurf  =   0.07671
     Deflect =

 Strip Forces referred to Strip Area, Chord
    j      Yle    Chord     Area     c cl      ai      cl_norm  cl       cd       cdv    cm_c/4    cm_LE  C.P.x/c
     1   0.0034   2.1937   0.0299   4.1117   0.0055   1.8780   1.8775   0.0435   0.0000  -0.1927  -0.6608    0.353
     2   0.0304   2.1884   0.0891   2.4750   0.0081   1.1302   1.1299   0.0607   0.0000  -0.1261  -0.4087    0.362
     3   0.0840   2.1777   0.1468   2.3528   0.0143   1.0798   1.0795   0.0570   0.0000  -0.1229  -0.3928    0.364
     4   0.1638   2.1619   0.2017   2.3341   0.0251   1.0791   1.0789   0.0557   0.0000  -0.1263  -0.3961    0.367
     5   0.2688   2.1410   0.2531   2.3314   0.0400   1.0888   1.0885   0.0517   0.0000  -0.1346  -0.4066    0.374
     6   0.3979   2.1154   0.3000   2.3807   0.0589   1.1247   1.1245   0.0595   0.0000  -0.1477  -0.4289    0.381
     7   0.5496   2.0852   0.3417   2.4337   0.0816   1.1666   1.1664   0.0584   0.0000  -0.1678  -0.4594    0.394
     8   0.7223   2.0509   0.3776   2.4550   0.1082   1.1967   1.1964   0.0586   0.0000  -0.1885  -0.4875    0.408
     9   0.9142   2.0128   0.4073   2.4876   0.1391   1.2350   1.2347   0.0667   0.0000  -0.2107  -0.5194    0.421
    10   1.1285   1.9703   0.4526   2.5157   0.1521   1.2755   1.2752   0.0738   0.0000  -0.2317  -0.5506    0.432
    11   1.3637   1.9236   0.4694   2.5147   0.1446   1.3057   1.3054   0.0784   0.0000  -0.2440  -0.5705    0.437
    12   1.6118   1.8743   0.4793   2.4854   0.1394   1.3242   1.3239   0.0819   0.0000  -0.2520  -0.5831    0.440
    13   1.8700   1.8230   0.4823   2.4350   0.1374   1.3335   1.3332   0.0865   0.0000  -0.2573  -0.5908    0.443
    14   2.1357   1.7703   0.4789   2.3792   0.1378   1.3416   1.3413   0.0885   0.0000  -0.2609  -0.5966    0.445
    15   2.4057   1.7167   0.4695   2.3136   0.1371   1.3453   1.3450   0.0897   0.0000  -0.2635  -0.6000    0.446
    16   2.6723   1.6637   0.4384   2.2416   0.1352   1.3450   1.3447   0.0887   0.0000  -0.2647  -0.6011    0.447
    17   2.9325   1.6120   0.4201   2.1507   0.1336   1.3316   1.3313   0.0906   0.0000  -0.2640  -0.5971    0.448
    18   3.1884   1.5612   0.3979   2.0624   0.1329   1.3185   1.3182   0.0890   0.0000  -0.2631  -0.5930    0.450
    19   3.4372   1.5118   0.3724   1.9568   0.1331   1.2919   1.2916   0.0882   0.0000  -0.2602  -0.5834    0.451
    20   3.6775   1.4641   0.3480   1.8421   0.1344   1.2555   1.2553   0.0884   0.0000  -0.2559  -0.5700    0.454
    21   3.9066   1.4186   0.3174   1.7178   0.1369   1.2081   1.2078   0.0880   0.0000  -0.2498  -0.5522    0.457
    22   4.1206   1.3761   0.2853   1.5842   0.1405   1.1483   1.1481   0.0861   0.0000  -0.2415  -0.5290    0.460
    23   4.3172   1.3370   0.2522   1.4418   0.1454   1.0755   1.0752   0.0824   0.0000  -0.2308  -0.5000    0.465
    24   4.4942   1.3019   0.2186   1.2874   0.1513   0.9860   0.9858   0.0785   0.0000  -0.2164  -0.4633    0.470
    25   4.6536   1.2702   0.1944   1.1245   0.1586   0.8826   0.8824   0.0714   0.0000  -0.1983  -0.4193    0.475
    26   4.7929   1.2426   0.1585   0.9419   0.1669   0.7555   0.7553   0.0641   0.0000  -0.1744  -0.3637    0.481
    27   4.9062   1.2201   0.1229   0.7485   0.1761   0.6113   0.6111   0.0536   0.0000  -0.1449  -0.2981    0.487
    28   4.9923   1.2030   0.0875   0.5436   0.1856   0.4501   0.4500   0.0412   0.0000  -0.1094  -0.2222    0.493
    29   5.0502   1.1915   0.0524   0.3309   0.1944   0.2765   0.2765   0.0267   0.0000  -0.0685  -0.1378    0.498
    30   5.0794   1.1857   0.0174   0.1115   0.2000   0.0935   0.0935   0.0099   0.0000  -0.0234  -0.0469    0.500

  Surface # 2     main_wing (YDUP)                        
     # Chordwise = 10   # Spanwise = 30     First strip = 31
     Surface area =    8.662745       Ave. chord =    1.689678
     CLsurf  =   0.60278     Clsurf  =   0.12878
     CYsurf  =   0.08275     Cmsurf  =  -0.09714
     CDsurf  =   0.03869     Cnsurf  =  -0.00058
     CDisurf =   0.03869     CDvsurf =   0.00000

  Forces referred to Ssurf, Cave about hinge axis thru LE
     CLsurf  =   1.20643     CDsurf  =   0.07671
     Deflect =

 Strip Forces referred to Strip Area, Chord
    j      Yle    Chord     Area     c cl      ai      cl_norm  cl       cd       cdv    cm_c/4    cm_LE  C.P.x/c
    31  -0.0034   2.1937   0.0299   4.1117   0.0055   1.8780   1.8775   0.0436   0.0000  -0.1927   0.6608    0.353
    32  -0.0304   2.1884   0.0891   2.4750   0.0081   1.1302   1.1299   0.0607   0.0000  -0.1261   0.4087    0.362
    33  -0.0840   2.1777   0.1468   2.3528   0.0143   1.0798   1.0795   0.0570   0.0000  -0.1229   0.3928    0.364
    34  -0.1638   2.1619   0.2017   2.3341   0.0251   1.0791   1.0789   0.0557   0.0000  -0.1263   0.3961    0.367
    35  -0.2688   2.1410   0.2531   2.3314   0.0400   1.0888   1.0885   0.0517   0.0000  -0.1346   0.4066    0.374
    36  -0.3979   2.1154   0.3000   2.3807   0.0589   1.1247   1.1245   0.0595   0.0000  -0.1477   0.4289    0.381
    37  -0.5496   2.0852   0.3417   2.4337   0.0816   1.1666   1.1664   0.0584   0.0000  -0.1678   0.4594    0.394
    38  -0.7223   2.0509   0.3776   2.4550   0.1082   1.1967   1.1964   0.0586   0.0000  -0.1885   0.4875    0.408
    39  -0.9142   2.0128   0.4073   2.4876   0.1391   1.2350   1.2347   0.0667   0.0000  -0.2107   0.5194    0.421
    40  -1.1285   1.9703   0.4526   2.5157   0.1521   1.2755   1.2752   0.0738   0.0000  -0.2317   0.5506    0.432
    41  -1.3637   1.9236   0.4694   2.5147   0.1446   1.3057   1.3054   0.0784   0.0000  -0.2440   0.5705    0.437
    42  -1.6118   1.8743   0.4793   2.4854   0.1394   1.3242   1.3239   0.0819   0.0000  -0.2520   0.5831    0.440
    43  -1.8700   1.8230   0.4823   2.4350   0.1374   1.3335   1.3332   0.0865   0.0000  -0.2573   0.5908    0.443
    44  -2.1357   1.7703   0.4789   2.3792   0.1378   1.3416   1.3413   0.0885   0.0000  -0.2609   0.5966    0.445
    45  -2.4057   1.7167   0.4695   2.3136   0.1371   1.3453   1.3450   0.0897   0.0000  -0.2635   0.6000    0.446
    46  -2.6723   1.6637   0.4384   2.2415   0.1352   1.3450   1.3447   0.0887   0.0000  -0.2647   0.6011    0.447
    47  -2.9325   1.6120   0.4201   2.1507   0.1336   1.3316   1.3313   0.0906   0.0000  -0.2640   0.5971    0.448
    48  -3.1884   1.5612   0.3979   2.0624   0.1329   1.3185   1.3182   0.0890   0.0000  -0.2631   0.5930    0.450
    49  -3.4372   1.5118   0.3724   1.9568   0.1331   1.2918   1.2916   0.0882   0.0000  -0.2602   0.5834    0.451
    50  -3.6775   1.4641   0.3480   1.8421   0.1344   1.2555   1.2553   0.0884   0.0000  -0.2559   0.5700    0.454
    51  -3.9066   1.4186   0.3174   1.7178   0.1369   1.2081   1.2078   0.0880   0.0000  -0.2498   0.5522    0.457
    52  -4.1206   1.3761   0.2853   1.5842   0.1405   1.1483   1.1481   0.0861   0.0000  -0.2415   0.5290    0.460
    53  -4.3172   1.3370   0.2522   1.4418   0.1454   1.0755   1.0752   0.0824   0.0000  -0.2308   0.5000    0.465
    54  -4.4942   1.3019   0.2186   1.2874   0.1513   0.9860   0.9858   0.0785   0.0000  -0.2164   0.4633    0.470
    55  -4.6536   1.2702   0.1944   1.1245   0.1586   0.8826   0.8824   0.0714   0.0000  -0.1983   0.4193    0.475
    56  -4.7929   1.2426   0.1585   0.9419   0.1669   0.7555   0.7553   0.0641   0.0000  -0.1744   0.3637    0.481
    57  -4.9062   1.2201   0.1229   0.7485   0.1761   0.6113   0.6111   0.0536   0.0000  -0.1449   0.2981    0.487
    58  -4.9923   1.2030   0.0875   0.5436   0.1856   0.4501   0.4500   0.0412   0.0000  -0.1094   0.2222    0.493
    59  -5.0502   1.1915   0.0524   0.3309   0.1944   0.2765   0.2765   0.0267   0.0000  -0.0685   0.1378    0.498
    60  -5.0794   1.1857   0.0174   0.1115   0.2000   0.0935   0.0935   0.0099   0.0000  -0.0234   0.0469    0.500

  Surface # 3     horizontal_stabilizer                   
     # Chordwise = 10   # Spanwise = 30     First strip = 61
     Surface area =    2.000000       Ave. chord =    1.000000
     CLsurf  =  -0.00490     Clsurf  =   0.00058
     CYsurf  =   0.00008     Cmsurf  =   0.01304
     CDsurf  =  -0.00048     Cnsurf  =  -0.00004
     CDisurf =  -0.00048     CDvsurf =   0.00000

  Forces referred to Ssurf, Cave about hinge axis thru LE
     CLsurf  =  -0.04212     CDsurf  =  -0.00416
     Deflect =

 Strip Forces referred to Strip Area, Chord
    j      Yle    Chord     Area     c cl      ai      cl_norm  cl       cd       cdv    cm_c/4    cm_LE  C.P.x/c
    61   0.0014   1.1973   0.0069  -0.0100   0.0928  -0.0084  -0.0083  -0.0007   0.0000   0.0019   0.0040    0.484
    62   0.0129   1.1951   0.0205  -0.0100   0.0928  -0.0084  -0.0084  -0.0007   0.0000   0.0020   0.0040    0.484
    63   0.0357   1.1906   0.0338  -0.0101   0.0928  -0.0085  -0.0084  -0.0007   0.0000   0.0019   0.0040    0.481
    64   0.0696   1.1839   0.0465  -0.0103   0.0928  -0.0087  -0.0087  -0.0008   0.0000   0.0019   0.0041    0.472
    65   0.1141   1.1751   0.0585  -0.0109   0.0928  -0.0092  -0.0092  -0.0008   0.0000   0.0019   0.0042    0.453
    66   0.1689   1.1642   0.0695  -0.0119   0.0928  -0.0102  -0.0102  -0.0009   0.0000   0.0018   0.0043    0.423
    67   0.2315   1.1519   0.0750  -0.0135   0.0929  -0.0117  -0.0117  -0.0010   0.0000   0.0016   0.0045    0.384
    68   0.3008   1.1382   0.0833  -0.0158   0.0930  -0.0139  -0.0139  -0.0012   0.0000   0.0013   0.0047    0.343
    69   0.3777   1.1230   0.0903  -0.0190   0.0931  -0.0169  -0.0169  -0.0015   0.0000   0.0009   0.0051    0.303
    70   0.4614   1.1064   0.0960  -0.0231   0.0933  -0.0208  -0.0208  -0.0018   0.0000   0.0004   0.0056    0.268
    71   0.5511   1.0887   0.1004  -0.0280   0.0935  -0.0257  -0.0256  -0.0023   0.0000  -0.0003   0.0061    0.240
    72   0.6456   1.0700   0.1034  -0.0335   0.0938  -0.0313  -0.0312  -0.0028   0.0000  -0.0010   0.0068    0.218
    73   0.7441   1.0506   0.1050  -0.0395   0.0942  -0.0376  -0.0374  -0.0034   0.0000  -0.0018   0.0075    0.201
    74   0.8453   1.0306   0.1054  -0.0456   0.0945  -0.0442  -0.0441  -0.0041   0.0000  -0.0027   0.0083    0.188
    75   0.9482   1.0102   0.1044  -0.0515   0.0948  -0.0509  -0.0507  -0.0048   0.0000  -0.0037   0.0090    0.178
    76   1.0518   0.9898   0.1023  -0.0568   0.0951  -0.0573  -0.0571  -0.0055   0.0000  -0.0046   0.0097    0.170
    77   1.1547   0.9694   0.0991  -0.0611   0.0952  -0.0630  -0.0628  -0.0062   0.0000  -0.0054   0.0103    0.163
    78   1.2559   0.9494   0.0949  -0.0644   0.0951  -0.0677  -0.0675  -0.0068   0.0000  -0.0062   0.0107    0.158
    79   1.3544   0.9300   0.0899  -0.0663   0.0950  -0.0712  -0.0710  -0.0072   0.0000  -0.0069   0.0109    0.153
    80   1.4489   0.9113   0.0840  -0.0668   0.0948  -0.0732  -0.0730  -0.0075   0.0000  -0.0075   0.0108    0.148
    81   1.5386   0.8936   0.0776  -0.0659   0.0945  -0.0736  -0.0734  -0.0076   0.0000  -0.0079   0.0105    0.142
    82   1.6223   0.8770   0.0705  -0.0635   0.0942  -0.0723  -0.0721  -0.0075   0.0000  -0.0081   0.0099    0.137
    83   1.6992   0.8618   0.0631  -0.0598   0.0940  -0.0693  -0.0691  -0.0073   0.0000  -0.0082   0.0091    0.132
    84   1.7685   0.8481   0.0552  -0.0549   0.0937  -0.0646  -0.0644  -0.0068   0.0000  -0.0080   0.0081    0.126
    85   1.8311   0.8358   0.0499  -0.0487   0.0935  -0.0582  -0.0580  -0.0062   0.0000  -0.0076   0.0070    0.120
    86   1.8859   0.8249   0.0411  -0.0414   0.0933  -0.0501  -0.0499  -0.0053   0.0000  -0.0068   0.0057    0.113
    87   1.9304   0.8161   0.0321  -0.0332   0.0931  -0.0405  -0.0404  -0.0043   0.0000  -0.0058   0.0044    0.108
    88   1.9643   0.8094   0.0230  -0.0242   0.0930  -0.0298  -0.0297  -0.0032   0.0000  -0.0044   0.0031    0.102
    89   1.9871   0.8049   0.0138  -0.0147   0.0929  -0.0182  -0.0182  -0.0020   0.0000  -0.0028   0.0018    0.098
    90   1.9986   0.8027   0.0046  -0.0049   0.0928  -0.0061  -0.0061  -0.0007   0.0000  -0.0009   0.0006    0.096

  Surface # 4     horizontal_stabilizer (YDUP)            
     # Chordwise = 10   # Spanwise = 30     First strip = 91
     Surface area =    2.000000       Ave. chord =    1.000000
     CLsurf  =  -0.00490     Clsurf  =  -0.00058
     CYsurf  =  -0.00008     Cmsurf  =   0.01304
     CDsurf  =  -0.00048     Cnsurf  =   0.00004
     CDisurf =  -0.00048     CDvsurf =   0.00000

  Forces referred to Ssurf, Cave about hinge axis thru LE
     CLsurf  =  -0.04212     CDsurf  =  -0.00416
     Deflect =

 Strip Forces referred to Strip Area, Chord
    j      Yle    Chord     Area     c cl      ai      cl_norm  cl       cd       cdv    cm_c/4    cm_LE  C.P.x/c
    91  -0.0014   1.1973   0.0069  -0.0100   0.0928  -0.0084  -0.0083  -0.0007   0.0000   0.0019  -0.0040    0.484
    92  -0.0129   1.1951   0.0205  -0.0100   0.0928  -0.0084  -0.0084  -0.0007   0.0000   0.0020  -0.0040    0.484
    93  -0.0357   1.1906   0.0338  -0.0101   0.0928  -0.0085  -0.0084  -0.0007   0.0000   0.0019  -0.0040    0.481
    94  -0.0696   1.1839   0.0465  -0.0103   0.0928  -0.0087  -0.0087  -0.0008   0.0000   0.0019  -0.0041    0.472
    95  -0.1141   1.1751   0.0585  -0.0109   0.0928  -0.0092  -0.0092  -0.0008   0.0000   0.0019  -0.0042    0.453
    96  -0.1689   1.1642   0.0695  -0.0119   0.0928  -0.0102  -0.0102  -0.0009   0.0000   0.0018  -0.0043    0.423
    97  -0.2315   1.1519   0.0750  -0.0135   0.0929  -0.0117  -0.0117  -0.0010   0.0000   0.0016  -0.0045    0.384
    98  -0.3008   1.1382   0.0833  -0.0158   0.0930  -0.0139  -0.0139  -0.0012   0.0000   0.0013  -0.0047    0.343
    99  -0.3777   1.1230   0.0903  -0.0190   0.0931  -0.0169  -0.0169  -0.0015   0.0000   0.0009  -0.0051    0.303
   100  -0.4614   1.1064   0.0960  -0.0231   0.0933  -0.0208  -0.0208  -0.0018   0.0000   0.0004  -0.0056    0.268
   101  -0.5511   1.0887   0.1004  -0.0280   0.0935  -0.0257  -0.0256  -0.0023   0.0000  -0.0003  -0.0061    0.240
   102  -0.6456   1.0700   0.1034  -0.0335   0.0938  -0.0313  -0.0312  -0.0028   0.0000  -0.0010  -0.0068    0.218
   103  -0.7441   1.0506   0.1050  -0.0395   0.0942  -0.0376  -0.0374  -0.0034   0.0000  -0.0018  -0.0075    0.201
   104  -0.8453   1.0306   0.1054  -0.0456   0.0945  -0.0442  -0.0441  -0.0041   0.0000  -0.0027  -0.0083    0.188
   105  -0.9482   1.0102   0.1044  -0.0515   0.0948  -0.0509  -0.0507  -0.0048   0.0000  -0.0037  -0.0090    0.178
   106  -1.0518   0.9898   0.1023  -0.0568   0.0951  -0.0573  -0.0571  -0.0055   0.0000  -0.0046  -0.0097    0.170
   107  -1.1547   0.9694   0.0991  -0.0611   0.0952  -0.0630  -0.0628  -0.0062   0.0000  -0.0054  -0.0103    0.163
   108  -1.2559   0.9494   0.0949  -0.0644   0.0951  -0.0677  -0.0675  -0.0068   0.0000  -0.0062  -0.0107    0.158
   109  -1.3544   0.9300   0.0899  -0.0663   0.0950  -0.0712  -0.0710  -0.0072   0.0000  -0.0069  -0.0109    0.153
   110  -1.4489   0.9113   0.0840  -0.0668   0.0948  -0.0732  -0.0730  -0.0075   0.0000  -0.0075  -0.0108    0.148
   111  -1.5386   0.8936   0.0776  -0.0659   0.0945  -0.0736  -0.0734  -0.0076   0.0000  -0.0079  -0.0105    0.142
   112  -1.6223   0.8770   0.0705  -0.0635   0.0942  -0.0723  -0.0721  -0.0075   0.0000  -0.0081  -0.0099    0.137
   113  -1.6992   0.8618   0.0631  -0.0598   0.0940  -0.0693  -0.0691  -0.0073   0.0000  -0.0082  -0.0091    0.132
   114  -1.7685   0.8481   0.0552  -0.0549   0.0937  -0.0646  -0.0644  -0.0068   0.0000  -0.0080  -0.0081    0.126
   115  -1.8311   0.8358   0.0499  -0.0487   0.0935  -0.0582  -0.0580  -0.0062   0.0000  -0.0076  -0.0070    0.120
   116  -1.8859   0.8249   0.0411  -0.0414   0.0933  -0.0501  -0.0499  -0.0053   0.0000  -0.0068  -0.0057    0.113
   117  -1.9304   0.8161   0.0321  -0.0332   0.0931  -0.0405  -0.0404  -0.0043   0.0000  -0.0058  -0.0044    0.108
   118  -1.9643   0.8094   0.0230  -0.0242   0.0930  -0.0298  -0.0297  -0.0032   0.0000  -0.0044  -0.0031    0.102
   119  -1.9871   0.8049   0.0138  -0.0147   0.0929  -0.0182  -0.0182  -0.0020   0.0000  -0.0028  -0.0018    0.098
   120  -1.9986   0.8027   0.0046  -0.0049   0.0928  -0.0061  -0.0061  -0.0007   0.0000  -0.0009  -0.0006    0.096

  Surface # 5     vertical_stabilizer                     
     # Chordwise = 10   # Spanwise = 30     First strip =121
     Surface area =    1.162981       Ave. chord =    0.785002
     CLsurf  =   0.00000     Clsurf  =   0.00000
     CYsurf  =   0.00000     Cmsurf  =  -0.00000
     CDsurf  =  -0.00000     Cnsurf  =  -0.00000
     CDisurf =  -0.00000     CDvsurf =   0.00000

  Forces referred to Ssurf, Cave about hinge axis thru LE
     CLsurf  =  -0.00000     CDsurf  =  -0.00000
     Deflect =

 Strip Forces referred to Strip Area, Chord
    j      Yle    Chord     Area     c cl      ai      cl_norm  cl       cd       cdv    cm_c/4    cm_LE  C.P.x/c
   121   0.0000   1.0573   0.0140  -0.0000  -0.0000  -0.0000  -0.0000  -0.0000   0.0000  -0.0000   0.0000    0.149
   122   0.0000   1.0509   0.0227  -0.0000   0.0000  -0.0000  -0.0000  -0.0000   0.0000  -0.0000   0.0000    0.148
   123   0.0000   1.0413   0.0311  -0.0000  -0.0000  -0.0000  -0.0000   0.0000   0.0000  -0.0000   0.0000    0.144
   124   0.0000   1.0287   0.0389  -0.0000  -0.0000  -0.0000  -0.0000  -0.0000   0.0000  -0.0000   0.0000    0.156
   125   0.0000   1.0133   0.0461  -0.0000   0.0000  -0.0000  -0.0000  -0.0000   0.0000  -0.0000   0.0000    0.154
   126   0.0000   0.9966   0.0440  -0.0000   0.0000  -0.0000  -0.0000  -0.0000   0.0000  -0.0000   0.0000    0.163
   127   0.0000   0.9792   0.0488  -0.0000  -0.0000  -0.0000  -0.0000   0.0000   0.0000  -0.0000   0.0000    0.158
   128   0.0000   0.9597   0.0527  -0.0000   0.0000  -0.0000  -0.0000  -0.0000   0.0000  -0.0000   0.0000    0.171
   129   0.0000   0.9385   0.0559  -0.0000  -0.0000  -0.0000  -0.0000  -0.0000   0.0000  -0.0000   0.0000    0.166
   130   0.0000   0.9157   0.0582  -0.0000   0.0000  -0.0000  -0.0000  -0.0000   0.0000  -0.0000   0.0000    0.167
   131   0.0000   0.8915   0.0596  -0.0000   0.0000  -0.0000  -0.0000  -0.0000   0.0000  -0.0000   0.0000    0.171
   132   0.0000   0.8662   0.0602  -0.0000   0.0000  -0.0000  -0.0000  -0.0000   0.0000  -0.0000   0.0000    0.183
   133   0.0000   0.8401   0.0601  -0.0000  -0.0000  -0.0000  -0.0000  -0.0000   0.0000  -0.0000   0.0000    0.188
   134   0.0000   0.8133   0.0592  -0.0000   0.0000  -0.0000  -0.0000  -0.0000   0.0000  -0.0000   0.0000    0.172
   135   0.0000   0.7863   0.0576  -0.0000   0.0000  -0.0000  -0.0000  -0.0000   0.0000  -0.0000   0.0000    0.166
   136   0.0000   0.7592   0.0554  -0.0000  -0.0000  -0.0000  -0.0000  -0.0000   0.0000  -0.0000   0.0000    0.179
   137   0.0000   0.7323   0.0527  -0.0000  -0.0000  -0.0000  -0.0000  -0.0000   0.0000  -0.0000   0.0000    0.169
   138   0.0000   0.7060   0.0495  -0.0000   0.0000  -0.0000  -0.0000  -0.0000   0.0000  -0.0000   0.0000    0.166
   139   0.0000   0.6804   0.0460  -0.0000  -0.0000  -0.0000  -0.0000  -0.0000   0.0000  -0.0000   0.0000    0.170
   140   0.0000   0.6560   0.0422  -0.0000  -0.0000  -0.0000  -0.0000  -0.0000   0.0000  -0.0000   0.0000    0.162
   141   0.0000   0.6328   0.0383  -0.0000  -0.0000  -0.0000  -0.0000  -0.0000   0.0000  -0.0000   0.0000    0.167
   142   0.0000   0.6112   0.0342  -0.0000  -0.0000  -0.0000  -0.0000  -0.0000   0.0000  -0.0000   0.0000    0.162
   143   0.0000   0.5914   0.0301  -0.0000   0.0000  -0.0000  -0.0000  -0.0000   0.0000  -0.0000   0.0000    0.162
   144   0.0000   0.5736   0.0259  -0.0000   0.0000  -0.0000  -0.0000  -0.0000   0.0000  -0.0000   0.0000    0.142
   145   0.0000   0.5570   0.0246  -0.0000   0.0000  -0.0000  -0.0000  -0.0000   0.0000  -0.0000   0.0000    0.139
   146   0.0000   0.5419   0.0200  -0.0000   0.0000  -0.0000  -0.0000  -0.0000   0.0000  -0.0000   0.0000    0.133
   147   0.0000   0.5297   0.0154  -0.0000   0.0000  -0.0000  -0.0000  -0.0000   0.0000  -0.0000   0.0000    0.125
   148   0.0000   0.5204   0.0109  -0.0000   0.0000  -0.0000  -0.0000  -0.0000   0.0000  -0.0000   0.0000    0.118
   149   0.0000   0.5141   0.0065  -0.0000   0.0000  -0.0000  -0.0000  -0.0000   0.0000  -0.0000   0.0000    0.118
   150   0.0000   0.5110   0.0022  -0.0000   0.0000  -0.0000  -0.0000  -0.0000   0.0000  -0.0000   0.0000    0.120
 ---------------------------------------------------------------
