 ---------------------------------------------------------------
 Surface and Strip Forces by surface

  Forces referred to Sref, Cref, Bref about Xref, Yref, Zref
 Standard axis orientation,  X fwd, Z down         

  Surface # 1     main_wing                               
     # Chordwise = 10   # Spanwise = 30     First strip =  1
     Surface area =    8.662745       Ave. chord =    1.689678
     CLsurf  =   0.29047     Clsurf  =  -0.06462
     CYsurf  =  -0.03811     Cmsurf  =  -0.05838
     CDsurf  =   0.00946     Cnsurf  =   0.00158
     CDisurf =   0.00946     CDvsurf =   0.00000

  Forces referred to Ssurf, Cave about hinge axis thru LE
     CLsurf  =   0.58091     CDsurf  =   0.01876
     Deflect =

 Strip Forces referred to Strip Area, Chord
    j      Yle    Chord     Area     c cl      ai      cl_norm  cl       cd       cdv    cm_c/4    cm_LE  C.P.x/c
     1   0.0034   2.1937   0.0299   1.1253  -0.0548   0.5133   0.5133  -0.0003   0.0000  -0.0589  -0.1870    0.365
     2   0.0304   2.1884   0.0891   0.9757  -0.0520   0.4460   0.4459   0.0052   0.0000  -0.0526  -0.1639    0.368
     3   0.0840   2.1777   0.1468   0.9690  -0.0450   0.4451   0.4451   0.0044   0.0000  -0.0538  -0.1649    0.371
     4   0.1638   2.1619   0.2017   0.9771  -0.0339   0.4521   0.4521   0.0043   0.0000  -0.0575  -0.1704    0.377
     5   0.2688   2.1410   0.2531   0.9946  -0.0191   0.4647   0.4647   0.0035   0.0000  -0.0644  -0.1803    0.389
     6   0.3979   2.1154   0.3000   1.0262  -0.0008   0.4852   0.4852   0.0070   0.0000  -0.0747  -0.1958    0.404
     7   0.5496   2.0852   0.3417   1.0677   0.0206   0.5121   0.5120   0.0088   0.0000  -0.0887  -0.2165    0.423
     8   0.7223   2.0509   0.3776   1.1109   0.0453   0.5416   0.5416   0.0110   0.0000  -0.1049  -0.2401    0.444
     9   0.9142   2.0128   0.4073   1.1591   0.0741   0.5757   0.5757   0.0152   0.0000  -0.1231  -0.2668    0.464
    10   1.1285   1.9703   0.4526   1.1918   0.0855   0.6047   0.6046   0.0182   0.0000  -0.1372  -0.2881    0.477
    11   1.3637   1.9236   0.4694   1.2014   0.0775   0.6243   0.6242   0.0206   0.0000  -0.1445  -0.3003    0.482
    12   1.6118   1.8743   0.4793   1.1957   0.0721   0.6376   0.6376   0.0214   0.0000  -0.1486  -0.3078    0.483
    13   1.8700   1.8230   0.4823   1.1796   0.0700   0.6467   0.6467   0.0223   0.0000  -0.1510  -0.3124    0.484
    14   2.1357   1.7703   0.4789   1.1578   0.0703   0.6537   0.6536   0.0226   0.0000  -0.1525  -0.3157    0.483
    15   2.4057   1.7167   0.4695   1.1300   0.0699   0.6579   0.6579   0.0226   0.0000  -0.1533  -0.3175    0.483
    16   2.6723   1.6637   0.4384   1.0982   0.0686   0.6598   0.6597   0.0223   0.0000  -0.1538  -0.3184    0.483
    17   2.9325   1.6120   0.4201   1.0605   0.0677   0.6575   0.6574   0.0228   0.0000  -0.1536  -0.3177    0.484
    18   3.1884   1.5612   0.3979   1.0210   0.0675   0.6537   0.6536   0.0225   0.0000  -0.1534  -0.3165    0.485
    19   3.4372   1.5118   0.3724   0.9759   0.0683   0.6451   0.6451   0.0228   0.0000  -0.1527  -0.3137    0.487
    20   3.6775   1.4641   0.3480   0.9267   0.0701   0.6326   0.6325   0.0236   0.0000  -0.1516  -0.3095    0.490
    21   3.9066   1.4186   0.3174   0.8733   0.0731   0.6152   0.6151   0.0240   0.0000  -0.1499  -0.3035    0.494
    22   4.1206   1.3761   0.2853   0.8146   0.0774   0.5915   0.5914   0.0246   0.0000  -0.1474  -0.2950    0.499
    23   4.3172   1.3370   0.2522   0.7517   0.0832   0.5617   0.5617   0.0245   0.0000  -0.1438  -0.2840    0.506
    24   4.4942   1.3019   0.2186   0.6816   0.0905   0.5231   0.5230   0.0245   0.0000  -0.1384  -0.2690    0.515
    25   4.6536   1.2702   0.1944   0.6041   0.0997   0.4751   0.4750   0.0239   0.0000  -0.1306  -0.2492    0.525
    26   4.7929   1.2426   0.1585   0.5153   0.1108   0.4142   0.4141   0.0225   0.0000  -0.1188  -0.2222    0.537
    27   4.9062   1.2201   0.1229   0.4170   0.1234   0.3413   0.3413   0.0196   0.0000  -0.1023  -0.1875    0.550
    28   4.9923   1.2030   0.0875   0.3080   0.1367   0.2557   0.2557   0.0156   0.0000  -0.0800  -0.1438    0.563
    29   5.0502   1.1915   0.0524   0.1899   0.1498   0.1591   0.1591   0.0104   0.0000  -0.0516  -0.0913    0.574
    30   5.0794   1.1857   0.0174   0.0644   0.1591   0.0542   0.0542   0.0039   0.0000  -0.0179  -0.0315    0.581

  Surface # 2     main_wing (YDUP)                        
     # Chordwise = 10   # Spanwise = 30     First strip = 31
     Surface area =    8.662745       Ave. chord =    1.689678
     CLsurf  =   0.29047     Clsurf  =   0.06462
     CYsurf  =   0.03811     Cmsurf  =  -0.05838
     CDsurf  =   0.00946     Cnsurf  =  -0.00158
     CDisurf =   0.00946     CDvsurf =   0.00000

  Forces referred to Ssurf, Cave about hinge axis thru LE
     CLsurf  =   0.58091     CDsurf  =   0.01876
     Deflect =

 Strip Forces referred to Strip Area, Chord
    j      Yle    Chord     Area     c cl      ai      cl_norm  cl       cd       cdv    cm_c/4    cm_LE  C.P.x/c
    31  -0.0034   2.1937   0.0299   1.1253  -0.0548   0.5133   0.5133  -0.0003   0.0000  -0.0589   0.1870    0.365
    32  -0.0304   2.1884   0.0891   0.9757  -0.0520   0.4460   0.4459   0.0052   0.0000  -0.0526   0.1639    0.368
    33  -0.0840   2.1777   0.1468   0.9690  -0.0450   0.4451   0.4451   0.0044   0.0000  -0.0538   0.1649    0.371
    34  -0.1638   2.1619   0.2017   0.9771  -0.0339   0.4521   0.4521   0.0043   0.0000  -0.0575   0.1704    0.377
    35  -0.2688   2.1410   0.2531   0.9946  -0.0191   0.4647   0.4647   0.0035   0.0000  -0.0644   0.1803    0.389
    36  -0.3979   2.1154   0.3000   1.0262  -0.0008   0.4852   0.4852   0.0070   0.0000  -0.0747   0.1958    0.404
    37  -0.5496   2.0852   0.3417   1.0677   0.0206   0.5121   0.5120   0.0088   0.0000  -0.0887   0.2165    0.423
    38  -0.7223   2.0509   0.3776   1.1109   0.0453   0.5416   0.5416   0.0110   0.0000  -0.1049   0.2401    0.444
    39  -0.9142   2.0128   0.4073   1.1591   0.0741   0.5757   0.5757   0.0152   0.0000  -0.1231   0.2668    0.464
    40  -1.1285   1.9703   0.4526   1.1918   0.0855   0.6047   0.6046   0.0182   0.0000  -0.1372   0.2881    0.477
    41  -1.3637   1.9236   0.4694   1.2014   0.0775   0.6243   0.6242   0.0206   0.0000  -0.1445   0.3003    0.482
    42  -1.6118   1.8743   0.4793   1.1957   0.0721   0.6376   0.6376   0.0214   0.0000  -0.1486   0.3078    0.483
    43  -1.8700   1.8230   0.4823   1.1796   0.0700   0.6467   0.6467   0.0223   0.0000  -0.1510   0.3124    0.484
    44  -2.1357   1.7703   0.4789   1.1578   0.0703   0.6537   0.6536   0.0226   0.0000  -0.1525   0.3157    0.483
    45  -2.4057   1.7167   0.4695   1.1300   0.0699   0.6579   0.6579   0.0226   0.0000  -0.1533   0.3175    0.483
    46  -2.6723   1.6637   0.4384   1.0982   0.0686   0.6598   0.6597   0.0223   0.0000  -0.1538   0.3184    0.483
    47  -2.9325   1.6120   0.4201   1.0605   0.0677   0.6575   0.6574   0.0228   0.0000  -0.1536   0.3177    0.484
    48  -3.1884   1.5612   0.3979   1.0210   0.0675   0.6537   0.6536   0.0225   0.0000  -0.1534   0.3165    0.485
    49  -3.4372   1.5118   0.3724   0.9759   0.0683   0.6451   0.6451   0.0228   0.0000  -0.1527   0.3137    0.487
    50  -3.6775   1.4641   0.3480   0.9267   0.0701   0.6326   0.6325   0.0236   0.0000  -0.1516   0.3095    0.490
    51  -3.9066   1.4186   0.3174   0.8733   0.0731   0.6152   0.6151   0.0240   0.0000  -0.1499   0.3035    0.494
    52  -4.1206   1.3761   0.2853   0.8146   0.0774   0.5915   0.5914   0.0246   0.0000  -0.1474   0.2950    0.499
    53  -4.3172   1.3370   0.2522   0.7517   0.0832   0.5617   0.5617   0.0245   0.0000  -0.1438   0.2840    0.506
    54  -4.4942   1.3019   0.2186   0.6816   0.0905   0.5231   0.5230   0.0245   0.0000  -0.1384   0.2690    0.515
    55  -4.6536   1.2702   0.1944   0.6041   0.0997   0.4750   0.4750   0.0239   0.0000  -0.1306   0.2492    0.525
    56  -4.7929   1.2426   0.1585   0.5153   0.1108   0.4142   0.4141   0.0225   0.0000  -0.1188   0.2222    0.537
    57  -4.9062   1.2201   0.1229   0.4170   0.1234   0.3413   0.3413   0.0196   0.0000  -0.1023   0.1875    0.550
    58  -4.9923   1.2030   0.0875   0.3080   0.1367   0.2557   0.2557   0.0156   0.0000  -0.0800   0.1438    0.563
    59  -5.0502   1.1915   0.0524   0.1899   0.1498   0.1591   0.1591   0.0104   0.0000  -0.0516   0.0913    0.574
    60  -5.0794   1.1857   0.0174   0.0644   0.1591   0.0542   0.0542   0.0039   0.0000  -0.0179   0.0315    0.581

  Surface # 3     horizontal_stabilizer                   
     # Chordwise = 10   # Spanwise = 30     First strip = 61
     Surface area =    2.000000       Ave. chord =    1.000000
     CLsurf  =  -0.00460     Clsurf  =   0.00052
     CYsurf  =   0.00003     Cmsurf  =   0.01224
     CDsurf  =  -0.00022     Cnsurf  =  -0.00002
     CDisurf =  -0.00022     CDvsurf =   0.00000

  Forces referred to Ssurf, Cave about hinge axis thru LE
     CLsurf  =  -0.03953     CDsurf  =  -0.00185
     Deflect =

 Strip Forces referred to Strip Area, Chord
    j      Yle    Chord     Area     c cl      ai      cl_norm  cl       cd       cdv    cm_c/4    cm_LE  C.P.x/c
    61   0.0014   1.1973   0.0069  -0.0167   0.0325  -0.0140  -0.0139  -0.0005   0.0000   0.0005   0.0039    0.282
    62   0.0129   1.1951   0.0205  -0.0167   0.0325  -0.0140  -0.0140  -0.0005   0.0000   0.0004   0.0039    0.282
    63   0.0357   1.1906   0.0338  -0.0167   0.0325  -0.0141  -0.0140  -0.0005   0.0000   0.0004   0.0039    0.281
    64   0.0696   1.1839   0.0465  -0.0169   0.0326  -0.0143  -0.0143  -0.0005   0.0000   0.0004   0.0040    0.280
    65   0.1141   1.1751   0.0585  -0.0173   0.0326  -0.0148  -0.0147  -0.0005   0.0000   0.0004   0.0040    0.276
    66   0.1689   1.1642   0.0695  -0.0180   0.0328  -0.0155  -0.0155  -0.0006   0.0000   0.0003   0.0042    0.271
    67   0.2315   1.1519   0.0750  -0.0192   0.0330  -0.0168  -0.0167  -0.0006   0.0000   0.0002   0.0044    0.264
    68   0.3008   1.1382   0.0833  -0.0210   0.0333  -0.0185  -0.0184  -0.0007   0.0000   0.0001   0.0047    0.256
    69   0.3777   1.1230   0.0903  -0.0234   0.0337  -0.0208  -0.0208  -0.0008   0.0000  -0.0001   0.0051    0.247
    70   0.4614   1.1064   0.0960  -0.0264   0.0342  -0.0239  -0.0238  -0.0009   0.0000  -0.0003   0.0056    0.238
    71   0.5511   1.0887   0.1004  -0.0300   0.0348  -0.0276  -0.0275  -0.0011   0.0000  -0.0006   0.0063    0.230
    72   0.6456   1.0700   0.1034  -0.0341   0.0355  -0.0320  -0.0319  -0.0013   0.0000  -0.0009   0.0071    0.223
    73   0.7441   1.0506   0.1050  -0.0386   0.0363  -0.0368  -0.0367  -0.0016   0.0000  -0.0012   0.0079    0.217
    74   0.8453   1.0306   0.1054  -0.0430   0.0371  -0.0419  -0.0417  -0.0018   0.0000  -0.0016   0.0088    0.212
    75   0.9482   1.0102   0.1044  -0.0473   0.0377  -0.0469  -0.0468  -0.0021   0.0000  -0.0020   0.0097    0.208
    76   1.0518   0.9898   0.1023  -0.0511   0.0383  -0.0518  -0.0516  -0.0024   0.0000  -0.0023   0.0105    0.205
    77   1.1547   0.9694   0.0991  -0.0542   0.0387  -0.0560  -0.0559  -0.0027   0.0000  -0.0027   0.0112    0.202
    78   1.2559   0.9494   0.0949  -0.0564   0.0389  -0.0595  -0.0593  -0.0029   0.0000  -0.0030   0.0118    0.199
    79   1.3544   0.9300   0.0899  -0.0575   0.0389  -0.0620  -0.0618  -0.0031   0.0000  -0.0033   0.0121    0.197
    80   1.4489   0.9113   0.0840  -0.0575   0.0388  -0.0633  -0.0631  -0.0032   0.0000  -0.0036   0.0121    0.193
    81   1.5386   0.8936   0.0776  -0.0564   0.0386  -0.0633  -0.0631  -0.0033   0.0000  -0.0038   0.0119    0.189
    82   1.6223   0.8770   0.0705  -0.0542   0.0382  -0.0619  -0.0617  -0.0032   0.0000  -0.0040   0.0114    0.185
    83   1.6992   0.8618   0.0631  -0.0509   0.0379  -0.0592  -0.0590  -0.0031   0.0000  -0.0042   0.0105    0.179
    84   1.7685   0.8481   0.0552  -0.0467   0.0375  -0.0551  -0.0550  -0.0029   0.0000  -0.0043   0.0094    0.172
    85   1.8311   0.8358   0.0499  -0.0414   0.0371  -0.0497  -0.0495  -0.0026   0.0000  -0.0042   0.0081    0.165
    86   1.8859   0.8249   0.0411  -0.0352   0.0368  -0.0427  -0.0426  -0.0022   0.0000  -0.0040   0.0067    0.157
    87   1.9304   0.8161   0.0321  -0.0282   0.0365  -0.0346  -0.0345  -0.0018   0.0000  -0.0035   0.0051    0.148
    88   1.9643   0.8094   0.0230  -0.0206   0.0362  -0.0255  -0.0254  -0.0013   0.0000  -0.0028   0.0036    0.141
    89   1.9871   0.8049   0.0138  -0.0125   0.0360  -0.0156  -0.0155  -0.0008   0.0000  -0.0018   0.0021    0.134
    90   1.9986   0.8027   0.0046  -0.0042   0.0359  -0.0052  -0.0052  -0.0003   0.0000  -0.0006   0.0007    0.131

  Surface # 4     horizontal_stabilizer (YDUP)            
     # Chordwise = 10   # Spanwise = 30     First strip = 91
     Surface area =    2.000000       Ave. chord =    1.000000
     CLsurf  =  -0.00460     Clsurf  =  -0.00052
     CYsurf  =  -0.00003     Cmsurf  =   0.01224
     CDsurf  =  -0.00022     Cnsurf  =   0.00002
     CDisurf =  -0.00022     CDvsurf =   0.00000

  Forces referred to Ssurf, Cave about hinge axis thru LE
     CLsurf  =  -0.03953     CDsurf  =  -0.00185
     Deflect =

 Strip Forces referred to Strip Area, Chord
    j      Yle    Chord     Area     c cl      ai      cl_norm  cl       cd       cdv    cm_c/4    cm_LE  C.P.x/c
    91  -0.0014   1.1973   0.0069  -0.0167   0.0325  -0.0140  -0.0139  -0.0005   0.0000   0.0005  -0.0039    0.282
    92  -0.0129   1.1951   0.0205  -0.0167   0.0325  -0.0140  -0.0140  -0.0005   0.0000   0.0004  -0.0039    0.282
    93  -0.0357   1.1906   0.0338  -0.0167   0.0325  -0.0141  -0.0140  -0.0005   0.0000   0.0004  -0.0039    0.281
    94  -0.0696   1.1839   0.0465  -0.0169   0.0326  -0.0143  -0.0143  -0.0005   0.0000   0.0004  -0.0040    0.280
    95  -0.1141   1.1751   0.0585  -0.0173   0.0326  -0.0148  -0.0147  -0.0005   0.0000   0.0004  -0.0040    0.276
    96  -0.1689   1.1642   0.0695  -0.0180   0.0328  -0.0155  -0.0155  -0.0006   0.0000   0.0003  -0.0042    0.271
    97  -0.2315   1.1519   0.0750  -0.0192   0.0330  -0.0168  -0.0167  -0.0006   0.0000   0.0002  -0.0044    0.264
    98  -0.3008   1.1382   0.0833  -0.0210   0.0333  -0.0185  -0.0184  -0.0007   0.0000   0.0001  -0.0047    0.256
    99  -0.3777   1.1230   0.0903  -0.0234   0.0337  -0.0208  -0.0208  -0.0008   0.0000  -0.0001  -0.0051    0.247
   100  -0.4614   1.1064   0.0960  -0.0264   0.0342  -0.0239  -0.0238  -0.0009   0.0000  -0.0003  -0.0056    0.238
   101  -0.5511   1.0887   0.1004  -0.0300   0.0348  -0.0276  -0.0275  -0.0011   0.0000  -0.0006  -0.0063    0.230
   102  -0.6456   1.0700   0.1034  -0.0341   0.0355  -0.0320  -0.0319  -0.0013   0.0000  -0.0009  -0.0071    0.223
   103  -0.7441   1.0506   0.1050  -0.0386   0.0363  -0.0368  -0.0367  -0.0016   0.0000  -0.0012  -0.0079    0.217
   104  -0.8453   1.0306   0.1054  -0.0430   0.0371  -0.0419  -0.0417  -0.0018   0.0000  -0.0016  -0.0088    0.212
   105  -0.9482   1.0102   0.1044  -0.0473   0.0377  -0.0469  -0.0468  -0.0021   0.0000  -0.0020  -0.0097    0.208
   106  -1.0518   0.9898   0.1023  -0.0511   0.0383  -0.0518  -0.0516  -0.0024   0.0000  -0.0023  -0.0105    0.205
   107  -1.1547   0.9694   0.0991  -0.0542   0.0387  -0.0560  -0.0559  -0.0027   0.0000  -0.0027  -0.0112    0.202
   108  -1.2559   0.9494   0.0949  -0.0564   0.0389  -0.0595  -0.0593  -0.0029   0.0000  -0.0030  -0.0118    0.199
   109  -1.3544   0.9300   0.0899  -0.0575   0.0389  -0.0620  -0.0618  -0.0031   0.0000  -0.0033  -0.0121    0.197
   110  -1.4489   0.9113   0.0840  -0.0575   0.0388  -0.0633  -0.0631  -0.0032   0.0000  -0.0036  -0.0121    0.193
   111  -1.5386   0.8936   0.0776  -0.0564   0.0386  -0.0633  -0.0631  -0.0033   0.0000  -0.0038  -0.0119    0.189
   112  -1.6223   0.8770   0.0705  -0.0542   0.0382  -0.0619  -0.0617  -0.0032   0.0000  -0.0040  -0.0114    0.185
   113  -1.6992   0.8618   0.0631  -0.0509   0.0379  -0.0592  -0.0590  -0.0031   0.0000  -0.0042  -0.0105    0.179
   114  -1.7685   0.8481   0.0552  -0.0467   0.0375  -0.0551  -0.0550  -0.0029   0.0000  -0.0043  -0.0094    0.172
   115  -1.8311   0.8358   0.0499  -0.0414   0.0371  -0.0497  -0.0495  -0.0026   0.0000  -0.0042  -0.0081    0.165
   116  -1.8859   0.8249   0.0411  -0.0352   0.0368  -0.0427  -0.0426  -0.0022   0.0000  -0.0040  -0.0067    0.157
   117  -1.9304   0.8161   0.0321  -0.0282   0.0365  -0.0346  -0.0345  -0.0018   0.0000  -0.0035  -0.0051    0.148
   118  -1.9643   0.8094   0.0230  -0.0206   0.0362  -0.0255  -0.0254  -0.0013   0.0000  -0.0028  -0.0036    0.141
   119  -1.9871   0.8049   0.0138  -0.0125   0.0360  -0.0156  -0.0155  -0.0008   0.0000  -0.0018  -0.0021    0.134
   120  -1.9986   0.8027   0.0046  -0.0042   0.0359  -0.0052  -0.0052  -0.0003   0.0000  -0.0006  -0.0007    0.131

  Surface # 5     vertical_stabilizer                     
     # Chordwise = 10   # Spanwise = 30     First strip =121
     Surface area =    1.162981       Ave. chord =    0.785002
     CLsurf  =   0.00000     Clsurf  =   0.00000
     CYsurf  =   0.00000     Cmsurf  =  -0.00000
     CDsurf  =  -0.00000     Cnsurf  =  -0.00000
     CDisurf =  -0.00000     CDvsurf =   0.00000

  Forces referred to Ssurf, Cave about hinge axis thru LE
     CLsurf  =  -0.00000     CDsurf  =  -0.00000
     Deflect =

 Strip Forces referred to Strip Area, Chord
    j      Yle    Chord     Area     c cl      ai      cl_norm  cl       cd       cdv    cm_c/4    cm_LE  C.P.x/c
   121   0.0000   1.0573   0.0140  -0.0000   0.0000  -0.0000  -0.0000   0.0000   0.0000  -0.0000   0.0000    0.196
   122   0.0000   1.0509   0.0227  -0.0000  -0.0000  -0.0000  -0.0000  -0.0000   0.0000  -0.0000   0.0000    0.192
   123   0.0000   1.0413   0.0311  -0.0000  -0.0000  -0.0000  -0.0000   0.0000   0.0000  -0.0000   0.0000    0.178
   124   0.0000   1.0287   0.0389  -0.0000   0.0000  -0.0000  -0.0000  -0.0000   0.0000  -0.0000   0.0000    0.201
   125   0.0000   1.0133   0.0461  -0.0000  -0.0000  -0.0000  -0.0000  -0.0000   0.0000  -0.0000   0.0000    0.197
   126   0.0000   0.9966   0.0440  -0.0000  -0.0000  -0.0000  -0.0000   0.0000   0.0000  -0.0000   0.0000    0.190
   127   0.0000   0.9792   0.0488  -0.0000  -0.0000  -0.0000  -0.0000  -0.0000   0.0000  -0.0000   0.0000    0.194
   128   0.0000   0.9597   0.0527  -0.0000  -0.0000  -0.0000  -0.0000  -0.0000   0.0000  -0.0000   0.0000    0.186
   129   0.0000   0.9385   0.0559  -0.0000   0.0000  -0.0000  -0.0000  -0.0000   0.0000  -0.0000   0.0000    0.189
   130   0.0000   0.9157   0.0582  -0.0000  -0.0000  -0.0000  -0.0000  -0.0000   0.0000  -0.0000   0.0000    0.196
   131   0.0000   0.8915   0.0596  -0.0000   0.0000  -0.0000  -0.0000  -0.0000   0.0000  -0.0000   0.0000    0.199
   132   0.0000   0.8662   0.0602  -0.0000   0.0000  -0.0000  -0.0000  -0.0000   0.0000  -0.0000   0.0000    0.217
   133   0.0000   0.8401   0.0601  -0.0000   0.0000  -0.0000  -0.0000  -0.0000   0.0000  -0.0000   0.0000    0.218
   134   0.0000   0.8133   0.0592  -0.0000  -0.0000  -0.0000  -0.0000  -0.0000   0.0000  -0.0000   0.0000    0.218
   135   0.0000   0.7863   0.0576  -0.0000  -0.0000  -0.0000  -0.0000  -0.0000   0.0000  -0.0000   0.0000    0.218
   136   0.0000   0.7592   0.0554  -0.0000   0.0000  -0.0000  -0.0000  -0.0000   0.0000  -0.0000   0.0000    0.212
   137   0.0000   0.7323   0.0527  -0.0000   0.0000  -0.0000  -0.0000  -0.0000   0.0000  -0.0000   0.0000    0.207
   138   0.0000   0.7060   0.0495  -0.0000   0.0000  -0.0000  -0.0000  -0.0000   0.0000  -0.0000   0.0000    0.208
   139   0.0000   0.6804   0.0460  -0.0000  -0.0000  -0.0000  -0.0000  -0.0000   0.0000  -0.0000   0.0000    0.209
   140   0.0000   0.6560   0.0422  -0.0000   0.0000  -0.0000  -0.0000  -0.0000   0.0000  -0.0000   0.0000    0.205
   141   0.0000   0.6328   0.0383  -0.0000   0.0000  -0.0000  -0.0000  -0.0000   0.0000  -0.0000   0.0000    0.206
   142   0.0000   0.6112   0.0342  -0.0000  -0.0000  -0.0000  -0.0000  -0.0000   0.0000  -0.0000   0.0000    0.199
   143   0.0000   0.5914   0.0301  -0.0000  -0.0000  -0.0000  -0.0000  -0.0000   0.0000  -0.0000   0.0000    0.196
   144   0.0000   0.5736   0.0259  -0.0000   0.0000  -0.0000  -0.0000  -0.0000   0.0000  -0.0000   0.0000    0.198
   145   0.0000   0.5570   0.0246  -0.0000   0.0000  -0.0000  -0.0000  -0.0000   0.0000  -0.0000   0.0000    0.180
   146   0.0000   0.5419   0.0200  -0.0000   0.0000  -0.0000  -0.0000  -0.0000   0.0000  -0.0000   0.0000    0.176
   147   0.0000   0.5297   0.0154  -0.0000   0.0000  -0.0000  -0.0000  -0.0000   0.0000  -0.0000   0.0000    0.165
   148   0.0000   0.5204   0.0109  -0.0000   0.0000  -0.0000  -0.0000  -0.0000   0.0000  -0.0000   0.0000    0.158
   149   0.0000   0.5141   0.0065  -0.0000   0.0000  -0.0000  -0.0000  -0.0000   0.0000  -0.0000   0.0000    0.139
   150   0.0000   0.5110   0.0022  -0.0000  -0.0000  -0.0000  -0.0000  -0.0000   0.0000  -0.0000   0.0000    0.144
 ---------------------------------------------------------------
