 ---------------------------------------------------------------
 Surface and Strip Forces by surface

  Forces referred to Sref, Cref, Bref about Xref, Yref, Zref
 Standard axis orientation,  X fwd, Z down         

  Surface # 1     main_wing                               
     # Chordwise = 10   # Spanwise = 30     First strip =  1
     Surface area =    8.662745       Ave. chord =    1.689678
     CLsurf  =   0.40424     Clsurf  =  -0.08802
     CYsurf  =  -0.05538     Cmsurf  =  -0.05326
     CDsurf  =   0.01784     Cnsurf  =  -0.00168
     CDisurf =   0.01784     CDvsurf =   0.00000

  Forces referred to Ssurf, Cave about hinge axis thru LE
     CLsurf  =   0.80904     CDsurf  =   0.03537
     Deflect =

 Strip Forces referred to Strip Area, Chord
    j      Yle    Chord     Area     c cl      ai      cl_norm  cl       cd       cdv    cm_c/4    cm_LE  C.P.x/c
     1   0.0034   2.1937   0.0299   1.8498  -0.0156   0.8435   0.8434   0.0347   0.0000  -0.0552  -0.2659    0.315
     2   0.0304   2.1884   0.0891   1.4970  -0.0133   0.6848   0.6847   0.0228   0.0000  -0.0511  -0.2221    0.325
     3   0.0840   2.1777   0.1468   1.4757  -0.0067   0.6786   0.6785   0.0194   0.0000  -0.0523  -0.2217    0.327
     4   0.1638   2.1619   0.2017   1.4799   0.0039   0.6856   0.6855   0.0186   0.0000  -0.0562  -0.2273    0.332
     5   0.2688   2.1410   0.2531   1.4925   0.0183   0.6985   0.6983   0.0161   0.0000  -0.0632  -0.2375    0.341
     6   0.3979   2.1154   0.3000   1.5256   0.0360   0.7221   0.7219   0.0226   0.0000  -0.0733  -0.2535    0.352
     7   0.5496   2.0852   0.3417   1.5665   0.0568   0.7521   0.7519   0.0240   0.0000  -0.0873  -0.2750    0.366
     8   0.7223   2.0509   0.3776   1.5998   0.0809   0.7809   0.7807   0.0254   0.0000  -0.1035  -0.2984    0.383
     9   0.9142   2.0128   0.4073   1.6442   0.1088   0.8175   0.8173   0.0298   0.0000  -0.1214  -0.3255    0.399
    10   1.1285   1.9703   0.4526   1.6668   0.1191   0.8465   0.8463   0.0331   0.0000  -0.1358  -0.3472    0.411
    11   1.3637   1.9236   0.4694   1.6695   0.1094   0.8681   0.8679   0.0371   0.0000  -0.1432  -0.3600    0.415
    12   1.6118   1.8743   0.4793   1.6540   0.1011   0.8827   0.8825   0.0382   0.0000  -0.1472  -0.3677    0.417
    13   1.8700   1.8230   0.4823   1.6253   0.0940   0.8916   0.8914   0.0398   0.0000  -0.1496  -0.3723    0.418
    14   2.1357   1.7703   0.4789   1.5914   0.0885   0.8990   0.8988   0.0402   0.0000  -0.1510  -0.3756    0.418
    15   2.4057   1.7167   0.4695   1.5504   0.0853   0.9033   0.9031   0.0402   0.0000  -0.1518  -0.3773    0.418
    16   2.6723   1.6637   0.4384   1.5049   0.0842   0.9047   0.9045   0.0396   0.0000  -0.1521  -0.3780    0.418
    17   2.9325   1.6120   0.4201   1.4504   0.0842   0.8998   0.8996   0.0406   0.0000  -0.1518  -0.3765    0.419
    18   3.1884   1.5612   0.3979   1.3953   0.0852   0.8938   0.8936   0.0400   0.0000  -0.1514  -0.3746    0.419
    19   3.4372   1.5118   0.3724   1.3316   0.0872   0.8808   0.8806   0.0404   0.0000  -0.1504  -0.3704    0.421
    20   3.6775   1.4641   0.3480   1.2625   0.0903   0.8621   0.8620   0.0418   0.0000  -0.1489  -0.3643    0.423
    21   3.9066   1.4186   0.3174   1.1877   0.0948   0.8369   0.8367   0.0424   0.0000  -0.1468  -0.3559    0.425
    22   4.1206   1.3761   0.2853   1.1053   0.1006   0.8027   0.8025   0.0434   0.0000  -0.1437  -0.3444    0.429
    23   4.3172   1.3370   0.2522   1.0180   0.1081   0.7607   0.7605   0.0430   0.0000  -0.1395  -0.3297    0.433
    24   4.4942   1.3019   0.2186   0.9205   0.1173   0.7062   0.7060   0.0430   0.0000  -0.1335  -0.3101    0.439
    25   4.6536   1.2702   0.1944   0.8131   0.1284   0.6390   0.6389   0.0418   0.0000  -0.1251  -0.2849    0.446
    26   4.7929   1.2426   0.1585   0.6907   0.1415   0.5546   0.5545   0.0391   0.0000  -0.1130  -0.2517    0.454
    27   4.9062   1.2201   0.1229   0.5567   0.1558   0.4552   0.4551   0.0340   0.0000  -0.0965  -0.2104    0.462
    28   4.9923   1.2030   0.0875   0.4096   0.1707   0.3395   0.3394   0.0269   0.0000  -0.0749  -0.1599    0.471
    29   5.0502   1.1915   0.0524   0.2517   0.1850   0.2105   0.2105   0.0175   0.0000  -0.0480  -0.1008    0.478
    30   5.0794   1.1857   0.0174   0.0851   0.1949   0.0715   0.0715   0.0063   0.0000  -0.0167  -0.0346    0.483

  Surface # 2     main_wing (YDUP)                        
     # Chordwise = 10   # Spanwise = 30     First strip = 31
     Surface area =    8.662745       Ave. chord =    1.689678
     CLsurf  =   0.40424     Clsurf  =   0.08802
     CYsurf  =   0.05538     Cmsurf  =  -0.05326
     CDsurf  =   0.01784     Cnsurf  =   0.00168
     CDisurf =   0.01784     CDvsurf =   0.00000

  Forces referred to Ssurf, Cave about hinge axis thru LE
     CLsurf  =   0.80904     CDsurf  =   0.03537
     Deflect =

 Strip Forces referred to Strip Area, Chord
    j      Yle    Chord     Area     c cl      ai      cl_norm  cl       cd       cdv    cm_c/4    cm_LE  C.P.x/c
    31  -0.0034   2.1937   0.0299   1.8498  -0.0156   0.8435   0.8434   0.0347   0.0000  -0.0552   0.2659    0.315
    32  -0.0304   2.1884   0.0891   1.4970  -0.0133   0.6848   0.6847   0.0228   0.0000  -0.0511   0.2221    0.325
    33  -0.0840   2.1777   0.1468   1.4757  -0.0067   0.6786   0.6785   0.0194   0.0000  -0.0523   0.2217    0.327
    34  -0.1638   2.1619   0.2017   1.4799   0.0039   0.6856   0.6855   0.0186   0.0000  -0.0562   0.2273    0.332
    35  -0.2688   2.1410   0.2531   1.4925   0.0183   0.6985   0.6983   0.0161   0.0000  -0.0632   0.2375    0.341
    36  -0.3979   2.1154   0.3000   1.5256   0.0360   0.7221   0.7219   0.0226   0.0000  -0.0733   0.2535    0.352
    37  -0.5496   2.0852   0.3417   1.5665   0.0568   0.7521   0.7519   0.0240   0.0000  -0.0873   0.2750    0.366
    38  -0.7223   2.0509   0.3776   1.5998   0.0809   0.7809   0.7807   0.0254   0.0000  -0.1035   0.2984    0.383
    39  -0.9142   2.0128   0.4073   1.6442   0.1088   0.8175   0.8173   0.0298   0.0000  -0.1214   0.3255    0.399
    40  -1.1285   1.9703   0.4526   1.6668   0.1191   0.8465   0.8463   0.0331   0.0000  -0.1358   0.3472    0.411
    41  -1.3637   1.9236   0.4694   1.6695   0.1094   0.8681   0.8679   0.0371   0.0000  -0.1432   0.3600    0.415
    42  -1.6118   1.8743   0.4793   1.6540   0.1011   0.8827   0.8825   0.0382   0.0000  -0.1472   0.3677    0.417
    43  -1.8700   1.8230   0.4823   1.6253   0.0940   0.8916   0.8914   0.0398   0.0000  -0.1496   0.3723    0.418
    44  -2.1357   1.7703   0.4789   1.5914   0.0885   0.8990   0.8988   0.0402   0.0000  -0.1510   0.3756    0.418
    45  -2.4057   1.7167   0.4695   1.5504   0.0853   0.9033   0.9031   0.0402   0.0000  -0.1518   0.3773    0.418
    46  -2.6723   1.6637   0.4384   1.5049   0.0842   0.9047   0.9045   0.0396   0.0000  -0.1521   0.3780    0.418
    47  -2.9325   1.6120   0.4201   1.4504   0.0842   0.8998   0.8996   0.0406   0.0000  -0.1518   0.3765    0.419
    48  -3.1884   1.5612   0.3979   1.3953   0.0852   0.8938   0.8936   0.0400   0.0000  -0.1514   0.3746    0.419
    49  -3.4372   1.5118   0.3724   1.3316   0.0872   0.8808   0.8806   0.0404   0.0000  -0.1504   0.3704    0.421
    50  -3.6775   1.4641   0.3480   1.2625   0.0903   0.8621   0.8620   0.0418   0.0000  -0.1489   0.3643    0.423
    51  -3.9066   1.4186   0.3174   1.1877   0.0948   0.8369   0.8367   0.0424   0.0000  -0.1468   0.3559    0.425
    52  -4.1206   1.3761   0.2853   1.1053   0.1006   0.8027   0.8025   0.0434   0.0000  -0.1437   0.3444    0.429
    53  -4.3172   1.3370   0.2522   1.0180   0.1081   0.7607   0.7605   0.0430   0.0000  -0.1395   0.3297    0.433
    54  -4.4942   1.3019   0.2186   0.9205   0.1173   0.7061   0.7060   0.0430   0.0000  -0.1335   0.3101    0.439
    55  -4.6536   1.2702   0.1944   0.8131   0.1284   0.6390   0.6389   0.0418   0.0000  -0.1251   0.2849    0.446
    56  -4.7929   1.2426   0.1585   0.6907   0.1415   0.5546   0.5545   0.0391   0.0000  -0.1130   0.2517    0.454
    57  -4.9062   1.2201   0.1229   0.5567   0.1558   0.4552   0.4551   0.0340   0.0000  -0.0965   0.2104    0.462
    58  -4.9923   1.2030   0.0875   0.4096   0.1707   0.3395   0.3394   0.0269   0.0000  -0.0749   0.1599    0.471
    59  -5.0502   1.1915   0.0524   0.2517   0.1850   0.2105   0.2105   0.0175   0.0000  -0.0480   0.1008    0.478
    60  -5.0794   1.1857   0.0174   0.0851   0.1949   0.0715   0.0715   0.0063   0.0000  -0.0167   0.0346    0.483

  Surface # 3     horizontal_stabilizer                   
     # Chordwise = 10   # Spanwise = 30     First strip = 61
     Surface area =    2.000000       Ave. chord =    1.000000
     CLsurf  =   0.00834     Clsurf  =  -0.00058
     CYsurf  =  -0.00010     Cmsurf  =  -0.02235
     CDsurf  =   0.00062     Cnsurf  =   0.00004
     CDisurf =   0.00062     CDvsurf =   0.00000

  Forces referred to Ssurf, Cave about hinge axis thru LE
     CLsurf  =   0.07164     CDsurf  =   0.00529
     Deflect =

 Strip Forces referred to Strip Area, Chord
    j      Yle    Chord     Area     c cl      ai      cl_norm  cl       cd       cdv    cm_c/4    cm_LE  C.P.x/c
    61   0.0014   1.1973   0.0069   0.1242   0.0731   0.1035   0.1032   0.0108   0.0000   0.0008  -0.0250    0.242
    62   0.0129   1.1951   0.0205   0.1242   0.0730   0.1040   0.1037   0.0075   0.0000   0.0008  -0.0251    0.242
    63   0.0357   1.1906   0.0338   0.1241   0.0729   0.1043   0.1040   0.0073   0.0000   0.0008  -0.0251    0.242
    64   0.0696   1.1839   0.0465   0.1238   0.0728   0.1047   0.1044   0.0072   0.0000   0.0009  -0.0251    0.241
    65   0.1141   1.1751   0.0585   0.1232   0.0727   0.1050   0.1046   0.0072   0.0000   0.0010  -0.0251    0.241
    66   0.1689   1.1642   0.0695   0.1221   0.0727   0.1050   0.1046   0.0072   0.0000   0.0010  -0.0251    0.240
    67   0.2315   1.1519   0.0750   0.1203   0.0727   0.1045   0.1042   0.0072   0.0000   0.0010  -0.0249    0.240
    68   0.3008   1.1382   0.0833   0.1177   0.0728   0.1035   0.1032   0.0071   0.0000   0.0010  -0.0247    0.241
    69   0.3777   1.1230   0.0903   0.1143   0.0730   0.1019   0.1015   0.0071   0.0000   0.0009  -0.0244    0.241
    70   0.4614   1.1064   0.0960   0.1099   0.0733   0.0994   0.0991   0.0070   0.0000   0.0007  -0.0240    0.243
    71   0.5511   1.0887   0.1004   0.1045   0.0737   0.0960   0.0957   0.0069   0.0000   0.0005  -0.0233    0.245
    72   0.6456   1.0700   0.1034   0.0982   0.0742   0.0918   0.0916   0.0067   0.0000   0.0003  -0.0226    0.247
    73   0.7441   1.0506   0.1050   0.0913   0.0749   0.0869   0.0867   0.0063   0.0000  -0.0000  -0.0216    0.250
    74   0.8453   1.0306   0.1054   0.0838   0.0755   0.0814   0.0811   0.0060   0.0000  -0.0003  -0.0205    0.253
    75   0.9482   1.0102   0.1044   0.0762   0.0762   0.0754   0.0752   0.0057   0.0000  -0.0005  -0.0193    0.257
    76   1.0518   0.9898   0.1023   0.0686   0.0768   0.0693   0.0691   0.0053   0.0000  -0.0008  -0.0180    0.261
    77   1.1547   0.9694   0.0991   0.0612   0.0774   0.0631   0.0629   0.0050   0.0000  -0.0010  -0.0167    0.265
    78   1.2559   0.9494   0.0949   0.0542   0.0778   0.0571   0.0569   0.0046   0.0000  -0.0011  -0.0153    0.269
    79   1.3544   0.9300   0.0899   0.0478   0.0782   0.0513   0.0512   0.0041   0.0000  -0.0012  -0.0139    0.273
    80   1.4489   0.9113   0.0840   0.0418   0.0785   0.0459   0.0458   0.0037   0.0000  -0.0012  -0.0126    0.276
    81   1.5386   0.8936   0.0776   0.0364   0.0788   0.0408   0.0406   0.0034   0.0000  -0.0012  -0.0113    0.279
    82   1.6223   0.8770   0.0705   0.0316   0.0790   0.0360   0.0359   0.0030   0.0000  -0.0011  -0.0101    0.281
    83   1.6992   0.8618   0.0631   0.0271   0.0793   0.0314   0.0313   0.0026   0.0000  -0.0010  -0.0088    0.283
    84   1.7685   0.8481   0.0552   0.0230   0.0796   0.0271   0.0270   0.0023   0.0000  -0.0009  -0.0076    0.283
    85   1.8311   0.8358   0.0499   0.0191   0.0798   0.0229   0.0228   0.0019   0.0000  -0.0008  -0.0065    0.284
    86   1.8859   0.8249   0.0411   0.0154   0.0801   0.0187   0.0186   0.0016   0.0000  -0.0006  -0.0053    0.283
    87   1.9304   0.8161   0.0321   0.0119   0.0803   0.0145   0.0145   0.0012   0.0000  -0.0005  -0.0041    0.283
    88   1.9643   0.8094   0.0230   0.0084   0.0805   0.0104   0.0104   0.0009   0.0000  -0.0003  -0.0029    0.282
    89   1.9871   0.8049   0.0138   0.0050   0.0807   0.0062   0.0062   0.0005   0.0000  -0.0002  -0.0017    0.281
    90   1.9986   0.8027   0.0046   0.0017   0.0808   0.0021   0.0021   0.0002   0.0000  -0.0001  -0.0006    0.281

  Surface # 4     horizontal_stabilizer (YDUP)            
     # Chordwise = 10   # Spanwise = 30     First strip = 91
     Surface area =    2.000000       Ave. chord =    1.000000
     CLsurf  =   0.00834     Clsurf  =   0.00058
     CYsurf  =   0.00010     Cmsurf  =  -0.02235
     CDsurf  =   0.00062     Cnsurf  =  -0.00004
     CDisurf =   0.00062     CDvsurf =   0.00000

  Forces referred to Ssurf, Cave about hinge axis thru LE
     CLsurf  =   0.07164     CDsurf  =   0.00529
     Deflect =

 Strip Forces referred to Strip Area, Chord
    j      Yle    Chord     Area     c cl      ai      cl_norm  cl       cd       cdv    cm_c/4    cm_LE  C.P.x/c
    91  -0.0014   1.1973   0.0069   0.1242   0.0731   0.1035   0.1032   0.0108   0.0000   0.0008   0.0250    0.242
    92  -0.0129   1.1951   0.0205   0.1242   0.0730   0.1040   0.1037   0.0075   0.0000   0.0008   0.0251    0.242
    93  -0.0357   1.1906   0.0338   0.1241   0.0729   0.1043   0.1040   0.0073   0.0000   0.0008   0.0251    0.242
    94  -0.0696   1.1839   0.0465   0.1238   0.0728   0.1047   0.1044   0.0072   0.0000   0.0009   0.0251    0.241
    95  -0.1141   1.1751   0.0585   0.1232   0.0727   0.1050   0.1046   0.0072   0.0000   0.0010   0.0251    0.241
    96  -0.1689   1.1642   0.0695   0.1221   0.0727   0.1050   0.1046   0.0072   0.0000   0.0010   0.0251    0.240
    97  -0.2315   1.1519   0.0750   0.1203   0.0727   0.1045   0.1042   0.0072   0.0000   0.0010   0.0249    0.240
    98  -0.3008   1.1382   0.0833   0.1177   0.0728   0.1035   0.1032   0.0071   0.0000   0.0010   0.0247    0.241
    99  -0.3777   1.1230   0.0903   0.1143   0.0730   0.1019   0.1015   0.0071   0.0000   0.0009   0.0244    0.241
   100  -0.4614   1.1064   0.0960   0.1099   0.0733   0.0994   0.0991   0.0070   0.0000   0.0007   0.0240    0.243
   101  -0.5511   1.0887   0.1004   0.1045   0.0737   0.0960   0.0957   0.0069   0.0000   0.0005   0.0233    0.245
   102  -0.6456   1.0700   0.1034   0.0982   0.0742   0.0918   0.0916   0.0067   0.0000   0.0003   0.0226    0.247
   103  -0.7441   1.0506   0.1050   0.0913   0.0749   0.0869   0.0867   0.0063   0.0000  -0.0000   0.0216    0.250
   104  -0.8453   1.0306   0.1054   0.0838   0.0755   0.0814   0.0811   0.0060   0.0000  -0.0003   0.0205    0.253
   105  -0.9482   1.0102   0.1044   0.0762   0.0762   0.0754   0.0752   0.0057   0.0000  -0.0005   0.0193    0.257
   106  -1.0518   0.9898   0.1023   0.0686   0.0768   0.0693   0.0691   0.0053   0.0000  -0.0008   0.0180    0.261
   107  -1.1547   0.9694   0.0991   0.0612   0.0774   0.0631   0.0629   0.0050   0.0000  -0.0010   0.0167    0.265
   108  -1.2559   0.9494   0.0949   0.0542   0.0778   0.0571   0.0569   0.0046   0.0000  -0.0011   0.0153    0.269
   109  -1.3544   0.9300   0.0899   0.0478   0.0782   0.0513   0.0512   0.0041   0.0000  -0.0012   0.0139    0.273
   110  -1.4489   0.9113   0.0840   0.0418   0.0785   0.0459   0.0458   0.0037   0.0000  -0.0012   0.0126    0.276
   111  -1.5386   0.8936   0.0776   0.0364   0.0788   0.0408   0.0406   0.0034   0.0000  -0.0012   0.0113    0.279
   112  -1.6223   0.8770   0.0705   0.0316   0.0790   0.0360   0.0359   0.0030   0.0000  -0.0011   0.0101    0.281
   113  -1.6992   0.8618   0.0631   0.0271   0.0793   0.0314   0.0313   0.0026   0.0000  -0.0010   0.0088    0.283
   114  -1.7685   0.8481   0.0552   0.0230   0.0796   0.0271   0.0270   0.0023   0.0000  -0.0009   0.0076    0.283
   115  -1.8311   0.8358   0.0499   0.0191   0.0798   0.0229   0.0228   0.0019   0.0000  -0.0008   0.0065    0.284
   116  -1.8859   0.8249   0.0411   0.0154   0.0801   0.0187   0.0186   0.0016   0.0000  -0.0006   0.0053    0.283
   117  -1.9304   0.8161   0.0321   0.0119   0.0803   0.0145   0.0145   0.0012   0.0000  -0.0005   0.0041    0.283
   118  -1.9643   0.8094   0.0230   0.0084   0.0805   0.0104   0.0104   0.0009   0.0000  -0.0003   0.0029    0.282
   119  -1.9871   0.8049   0.0138   0.0050   0.0807   0.0062   0.0062   0.0005   0.0000  -0.0002   0.0017    0.281
   120  -1.9986   0.8027   0.0046   0.0017   0.0808   0.0021   0.0021   0.0002   0.0000  -0.0001   0.0006    0.281

  Surface # 5     vertical_stabilizer                     
     # Chordwise = 10   # Spanwise = 30     First strip =121
     Surface area =    1.162981       Ave. chord =    0.785002
     CLsurf  =   0.00000     Clsurf  =   0.00000
     CYsurf  =   0.00000     Cmsurf  =  -0.00000
     CDsurf  =  -0.00000     Cnsurf  =  -0.00000
     CDisurf =  -0.00000     CDvsurf =   0.00000

  Forces referred to Ssurf, Cave about hinge axis thru LE
     CLsurf  =  -0.00000     CDsurf  =  -0.00000
     Deflect =

 Strip Forces referred to Strip Area, Chord
    j      Yle    Chord     Area     c cl      ai      cl_norm  cl       cd       cdv    cm_c/4    cm_LE  C.P.x/c
   121   0.0000   1.0573   0.0140  -0.0000   0.0000  -0.0000  -0.0000   0.0000   0.0000  -0.0000   0.0000    0.189
   122   0.0000   1.0509   0.0227  -0.0000   0.0000  -0.0000  -0.0000   0.0000   0.0000  -0.0000   0.0000    0.193
   123   0.0000   1.0413   0.0311  -0.0000  -0.0000  -0.0000  -0.0000  -0.0000   0.0000  -0.0000   0.0000    0.186
   124   0.0000   1.0287   0.0389  -0.0000   0.0000  -0.0000  -0.0000   0.0000   0.0000  -0.0000   0.0000    0.203
   125   0.0000   1.0133   0.0461  -0.0000   0.0000  -0.0000  -0.0000   0.0000   0.0000  -0.0000   0.0000    0.197
   126   0.0000   0.9966   0.0440  -0.0000  -0.0000  -0.0000  -0.0000  -0.0000   0.0000  -0.0000   0.0000    0.199
   127   0.0000   0.9792   0.0488  -0.0000   0.0000  -0.0000  -0.0000  -0.0000   0.0000  -0.0000   0.0000    0.198
   128   0.0000   0.9597   0.0527  -0.0000  -0.0000  -0.0000  -0.0000  -0.0000   0.0000  -0.0000   0.0000    0.199
   129   0.0000   0.9385   0.0559  -0.0000  -0.0000  -0.0000  -0.0000  -0.0000   0.0000  -0.0000   0.0000    0.202
   130   0.0000   0.9157   0.0582  -0.0000   0.0000  -0.0000  -0.0000   0.0000   0.0000  -0.0000   0.0000    0.206
   131   0.0000   0.8915   0.0596  -0.0000   0.0000  -0.0000  -0.0000  -0.0000   0.0000  -0.0000   0.0000    0.207
   132   0.0000   0.8662   0.0602  -0.0000  -0.0000  -0.0000  -0.0000  -0.0000   0.0000  -0.0000   0.0000    0.223
   133   0.0000   0.8401   0.0601  -0.0000   0.0000  -0.0000  -0.0000  -0.0000   0.0000  -0.0000   0.0000    0.219
   134   0.0000   0.8133   0.0592  -0.0000  -0.0000  -0.0000  -0.0000  -0.0000   0.0000  -0.0000   0.0000    0.221
   135   0.0000   0.7863   0.0576  -0.0000  -0.0000  -0.0000  -0.0000  -0.0000   0.0000  -0.0000   0.0000    0.222
   136   0.0000   0.7592   0.0554  -0.0000  -0.0000  -0.0000  -0.0000  -0.0000   0.0000  -0.0000   0.0000    0.219
   137   0.0000   0.7323   0.0527  -0.0000   0.0000  -0.0000  -0.0000  -0.0000   0.0000  -0.0000   0.0000    0.217
   138   0.0000   0.7060   0.0495  -0.0000   0.0000  -0.0000  -0.0000  -0.0000   0.0000  -0.0000   0.0000    0.216
   139   0.0000   0.6804   0.0460  -0.0000   0.0000  -0.0000  -0.0000  -0.0000   0.0000  -0.0000   0.0000    0.216
   140   0.0000   0.6560   0.0422  -0.0000   0.0000  -0.0000  -0.0000  -0.0000   0.0000  -0.0000   0.0000    0.212
   141   0.0000   0.6328   0.0383  -0.0000   0.0000  -0.0000  -0.0000  -0.0000   0.0000  -0.0000   0.0000    0.213
   142   0.0000   0.6112   0.0342  -0.0000   0.0000  -0.0000  -0.0000  -0.0000   0.0000  -0.0000   0.0000    0.207
   143   0.0000   0.5914   0.0301  -0.0000   0.0000  -0.0000  -0.0000  -0.0000   0.0000  -0.0000   0.0000    0.202
   144   0.0000   0.5736   0.0259  -0.0000  -0.0000  -0.0000  -0.0000  -0.0000   0.0000  -0.0000   0.0000    0.201
   145   0.0000   0.5570   0.0246  -0.0000   0.0000  -0.0000  -0.0000  -0.0000   0.0000  -0.0000   0.0000    0.188
   146   0.0000   0.5419   0.0200  -0.0000   0.0000  -0.0000  -0.0000  -0.0000   0.0000  -0.0000   0.0000    0.183
   147   0.0000   0.5297   0.0154  -0.0000  -0.0000  -0.0000  -0.0000  -0.0000   0.0000  -0.0000   0.0000    0.169
   148   0.0000   0.5204   0.0109  -0.0000  -0.0000  -0.0000  -0.0000  -0.0000   0.0000  -0.0000   0.0000    0.164
   149   0.0000   0.5141   0.0065  -0.0000   0.0000  -0.0000  -0.0000  -0.0000   0.0000  -0.0000   0.0000    0.146
   150   0.0000   0.5110   0.0022  -0.0000  -0.0000  -0.0000  -0.0000  -0.0000   0.0000  -0.0000   0.0000    0.150
 ---------------------------------------------------------------
