 ---------------------------------------------------------------
 Surface and Strip Forces by surface

  Forces referred to Sref, Cref, Bref about Xref, Yref, Zref
 Standard axis orientation,  X fwd, Z down         

  Surface # 1     main_wing                               
     # Chordwise = 10   # Spanwise = 30     First strip =  1
     Surface area =    8.662745       Ave. chord =    1.689678
     CLsurf  =   0.48249     Clsurf  =  -0.10385
     CYsurf  =  -0.06794     Cmsurf  =  -0.04960
     CDsurf  =   0.02513     Cnsurf  =  -0.00482
     CDisurf =   0.02513     CDvsurf =   0.00000

  Forces referred to Ssurf, Cave about hinge axis thru LE
     CLsurf  =   0.96612     CDsurf  =   0.04983
     Deflect =

 Strip Forces referred to Strip Area, Chord
    j      Yle    Chord     Area     c cl      ai      cl_norm  cl       cd       cdv    cm_c/4    cm_LE  C.P.x/c
     1   0.0034   2.1937   0.0299   2.4161   0.0110   1.1006   1.1002   0.0762   0.0000  -0.0511  -0.3265    0.296
     2   0.0304   2.1884   0.0891   1.8615   0.0130   0.8523   0.8520   0.0404   0.0000  -0.0505  -0.2633    0.309
     3   0.0840   2.1777   0.1468   1.8258   0.0192   0.8407   0.8404   0.0345   0.0000  -0.0520  -0.2617    0.312
     4   0.1638   2.1619   0.2017   1.8258   0.0296   0.8471   0.8468   0.0328   0.0000  -0.0560  -0.2673    0.316
     5   0.2688   2.1410   0.2531   1.8346   0.0436   0.8600   0.8596   0.0290   0.0000  -0.0629  -0.2772    0.323
     6   0.3979   2.1154   0.3000   1.8695   0.0609   0.8864   0.8861   0.0344   0.0000  -0.0729  -0.2939    0.332
     7   0.5496   2.0852   0.3417   1.9111   0.0814   0.9192   0.9188   0.0365   0.0000  -0.0863  -0.3155    0.344
     8   0.7223   2.0509   0.3776   1.9331   0.1050   0.9452   0.9448   0.0384   0.0000  -0.1038  -0.3395    0.360
     9   0.9142   2.0128   0.4073   1.9748   0.1323   0.9834   0.9831   0.0430   0.0000  -0.1216  -0.3669    0.374
    10   1.1285   1.9703   0.4526   1.9915   0.1419   1.0130   1.0126   0.0463   0.0000  -0.1356  -0.3883    0.384
    11   1.3637   1.9236   0.4694   1.9901   0.1312   1.0363   1.0359   0.0518   0.0000  -0.1433  -0.4019    0.388
    12   1.6118   1.8743   0.4793   1.9692   0.1210   1.0523   1.0519   0.0528   0.0000  -0.1475  -0.4101    0.390
    13   1.8700   1.8230   0.4823   1.9317   0.1106   1.0611   1.0607   0.0547   0.0000  -0.1499  -0.4147    0.391
    14   2.1357   1.7703   0.4789   1.8877   0.1012   1.0678   1.0674   0.0553   0.0000  -0.1511  -0.4177    0.392
    15   2.4057   1.7167   0.4695   1.8386   0.0963   1.0726   1.0722   0.0551   0.0000  -0.1520  -0.4197    0.392
    16   2.6723   1.6637   0.4384   1.7829   0.0953   1.0733   1.0729   0.0545   0.0000  -0.1521  -0.4200    0.392
    17   2.9325   1.6120   0.4201   1.7162   0.0959   1.0660   1.0656   0.0561   0.0000  -0.1518  -0.4179    0.392
    18   3.1884   1.5612   0.3979   1.6507   0.0977   1.0588   1.0584   0.0552   0.0000  -0.1512  -0.4155    0.393
    19   3.4372   1.5118   0.3724   1.5752   0.1005   1.0433   1.0429   0.0550   0.0000  -0.1500  -0.4104    0.394
    20   3.6775   1.4641   0.3480   1.4920   0.1044   1.0200   1.0196   0.0571   0.0000  -0.1483  -0.4030    0.395
    21   3.9066   1.4186   0.3174   1.4014   0.1098   0.9884   0.9880   0.0585   0.0000  -0.1457  -0.3926    0.397
    22   4.1206   1.3761   0.2853   1.3029   0.1167   0.9469   0.9465   0.0594   0.0000  -0.1423  -0.3789    0.400
    23   4.3172   1.3370   0.2522   1.1993   0.1253   0.8968   0.8965   0.0586   0.0000  -0.1375  -0.3617    0.403
    24   4.4942   1.3019   0.2186   1.0821   0.1356   0.8304   0.8301   0.0588   0.0000  -0.1310  -0.3388    0.408
    25   4.6536   1.2702   0.1944   0.9550   0.1479   0.7508   0.7505   0.0566   0.0000  -0.1221  -0.3100    0.413
    26   4.7929   1.2426   0.1585   0.8094   0.1621   0.6500   0.6497   0.0530   0.0000  -0.1096  -0.2724    0.419
    27   4.9062   1.2201   0.1229   0.6509   0.1775   0.5320   0.5318   0.0461   0.0000  -0.0931  -0.2264    0.425
    28   4.9923   1.2030   0.0875   0.4781   0.1933   0.3961   0.3959   0.0364   0.0000  -0.0719  -0.1712    0.432
    29   5.0502   1.1915   0.0524   0.2932   0.2083   0.2451   0.2451   0.0236   0.0000  -0.0459  -0.1074    0.437
    30   5.0794   1.1857   0.0174   0.0991   0.2186   0.0832   0.0832   0.0084   0.0000  -0.0159  -0.0368    0.441

  Surface # 2     main_wing (YDUP)                        
     # Chordwise = 10   # Spanwise = 30     First strip = 31
     Surface area =    8.662745       Ave. chord =    1.689678
     CLsurf  =   0.48249     Clsurf  =   0.10385
     CYsurf  =   0.06794     Cmsurf  =  -0.04960
     CDsurf  =   0.02513     Cnsurf  =   0.00482
     CDisurf =   0.02513     CDvsurf =   0.00000

  Forces referred to Ssurf, Cave about hinge axis thru LE
     CLsurf  =   0.96612     CDsurf  =   0.04982
     Deflect =

 Strip Forces referred to Strip Area, Chord
    j      Yle    Chord     Area     c cl      ai      cl_norm  cl       cd       cdv    cm_c/4    cm_LE  C.P.x/c
    31  -0.0034   2.1937   0.0299   2.4161   0.0110   1.1006   1.1002   0.0762   0.0000  -0.0511   0.3265    0.296
    32  -0.0304   2.1884   0.0891   1.8615   0.0130   0.8523   0.8520   0.0404   0.0000  -0.0505   0.2633    0.309
    33  -0.0840   2.1777   0.1468   1.8258   0.0192   0.8407   0.8404   0.0345   0.0000  -0.0520   0.2617    0.312
    34  -0.1638   2.1619   0.2017   1.8258   0.0296   0.8471   0.8468   0.0328   0.0000  -0.0560   0.2673    0.316
    35  -0.2688   2.1410   0.2531   1.8346   0.0436   0.8600   0.8596   0.0290   0.0000  -0.0629   0.2772    0.323
    36  -0.3979   2.1154   0.3000   1.8695   0.0609   0.8864   0.8861   0.0344   0.0000  -0.0729   0.2939    0.332
    37  -0.5496   2.0852   0.3417   1.9111   0.0814   0.9192   0.9188   0.0365   0.0000  -0.0863   0.3155    0.344
    38  -0.7223   2.0509   0.3776   1.9331   0.1050   0.9452   0.9448   0.0384   0.0000  -0.1038   0.3395    0.360
    39  -0.9142   2.0128   0.4073   1.9748   0.1323   0.9834   0.9831   0.0430   0.0000  -0.1216   0.3669    0.374
    40  -1.1285   1.9703   0.4526   1.9915   0.1419   1.0130   1.0126   0.0463   0.0000  -0.1356   0.3883    0.384
    41  -1.3637   1.9236   0.4694   1.9901   0.1312   1.0363   1.0359   0.0518   0.0000  -0.1433   0.4019    0.388
    42  -1.6118   1.8743   0.4793   1.9692   0.1210   1.0523   1.0519   0.0528   0.0000  -0.1475   0.4101    0.390
    43  -1.8700   1.8230   0.4823   1.9317   0.1106   1.0611   1.0607   0.0547   0.0000  -0.1499   0.4147    0.391
    44  -2.1357   1.7703   0.4789   1.8877   0.1012   1.0678   1.0674   0.0553   0.0000  -0.1511   0.4177    0.392
    45  -2.4057   1.7167   0.4695   1.8386   0.0963   1.0726   1.0722   0.0551   0.0000  -0.1520   0.4197    0.392
    46  -2.6723   1.6637   0.4384   1.7829   0.0953   1.0733   1.0729   0.0545   0.0000  -0.1521   0.4200    0.392
    47  -2.9325   1.6120   0.4201   1.7162   0.0959   1.0660   1.0656   0.0561   0.0000  -0.1518   0.4179    0.392
    48  -3.1884   1.5612   0.3979   1.6507   0.0977   1.0588   1.0584   0.0552   0.0000  -0.1512   0.4155    0.393
    49  -3.4372   1.5118   0.3724   1.5752   0.1005   1.0433   1.0429   0.0550   0.0000  -0.1500   0.4104    0.394
    50  -3.6775   1.4641   0.3480   1.4920   0.1044   1.0200   1.0196   0.0571   0.0000  -0.1483   0.4030    0.395
    51  -3.9066   1.4186   0.3174   1.4014   0.1098   0.9884   0.9880   0.0585   0.0000  -0.1457   0.3926    0.397
    52  -4.1206   1.3761   0.2853   1.3029   0.1167   0.9469   0.9465   0.0594   0.0000  -0.1423   0.3789    0.400
    53  -4.3172   1.3370   0.2522   1.1993   0.1253   0.8968   0.8965   0.0586   0.0000  -0.1375   0.3617    0.403
    54  -4.4942   1.3019   0.2186   1.0821   0.1356   0.8304   0.8301   0.0588   0.0000  -0.1310   0.3388    0.408
    55  -4.6536   1.2702   0.1944   0.9550   0.1479   0.7508   0.7505   0.0566   0.0000  -0.1221   0.3100    0.413
    56  -4.7929   1.2426   0.1585   0.8094   0.1621   0.6500   0.6497   0.0530   0.0000  -0.1096   0.2724    0.419
    57  -4.9062   1.2201   0.1229   0.6509   0.1775   0.5320   0.5318   0.0461   0.0000  -0.0931   0.2264    0.425
    58  -4.9923   1.2030   0.0875   0.4781   0.1933   0.3961   0.3959   0.0364   0.0000  -0.0719   0.1712    0.432
    59  -5.0502   1.1915   0.0524   0.2932   0.2083   0.2451   0.2451   0.0236   0.0000  -0.0459   0.1074    0.437
    60  -5.0794   1.1857   0.0174   0.0991   0.2186   0.0832   0.0832   0.0084   0.0000  -0.0159   0.0368    0.441

  Surface # 3     horizontal_stabilizer                   
     # Chordwise = 10   # Spanwise = 30     First strip = 61
     Surface area =    2.000000       Ave. chord =    1.000000
     CLsurf  =   0.01677     Clsurf  =  -0.00130
     CYsurf  =  -0.00026     Cmsurf  =  -0.04501
     CDsurf  =   0.00161     Cnsurf  =   0.00010
     CDisurf =   0.00161     CDvsurf =   0.00000

  Forces referred to Ssurf, Cave about hinge axis thru LE
     CLsurf  =   0.14403     CDsurf  =   0.01386
     Deflect =

 Strip Forces referred to Strip Area, Chord
    j      Yle    Chord     Area     c cl      ai      cl_norm  cl       cd       cdv    cm_c/4    cm_LE  C.P.x/c
    61   0.0014   1.1973   0.0069   0.2165   0.1007   0.1794   0.1788   0.0275   0.0000   0.0010  -0.0439    0.244
    62   0.0129   1.1951   0.0205   0.2165   0.1005   0.1809   0.1804   0.0176   0.0000   0.0011  -0.0440    0.244
    63   0.0357   1.1906   0.0338   0.2164   0.1003   0.1816   0.1810   0.0169   0.0000   0.0012  -0.0440    0.244
    64   0.0696   1.1839   0.0465   0.2160   0.1001   0.1823   0.1818   0.0167   0.0000   0.0013  -0.0441    0.243
    65   0.1141   1.1751   0.0585   0.2152   0.0999   0.1830   0.1825   0.0167   0.0000   0.0014  -0.0441    0.242
    66   0.1689   1.1642   0.0695   0.2138   0.0997   0.1836   0.1830   0.0166   0.0000   0.0015  -0.0441    0.242
    67   0.2315   1.1519   0.0750   0.2116   0.0996   0.1836   0.1831   0.0166   0.0000   0.0016  -0.0441    0.241
    68   0.3008   1.1382   0.0833   0.2085   0.0995   0.1831   0.1826   0.0167   0.0000   0.0016  -0.0440    0.241
    69   0.3777   1.1230   0.0903   0.2044   0.0996   0.1819   0.1813   0.0165   0.0000   0.0015  -0.0437    0.241
    70   0.4614   1.1064   0.0960   0.1990   0.0997   0.1797   0.1792   0.0165   0.0000   0.0014  -0.0433    0.242
    71   0.5511   1.0887   0.1004   0.1925   0.1000   0.1766   0.1761   0.0165   0.0000   0.0013  -0.0427    0.243
    72   0.6456   1.0700   0.1034   0.1848   0.1004   0.1726   0.1720   0.0160   0.0000   0.0011  -0.0419    0.244
    73   0.7441   1.0506   0.1050   0.1762   0.1010   0.1676   0.1671   0.0154   0.0000   0.0008  -0.0409    0.245
    74   0.8453   1.0306   0.1054   0.1668   0.1016   0.1617   0.1613   0.0150   0.0000   0.0006  -0.0396    0.246
    75   0.9482   1.0102   0.1044   0.1570   0.1022   0.1552   0.1547   0.0151   0.0000   0.0004  -0.0382    0.247
    76   1.0518   0.9898   0.1023   0.1468   0.1029   0.1481   0.1476   0.0146   0.0000   0.0003  -0.0366    0.248
    77   1.1547   0.9694   0.0991   0.1366   0.1035   0.1407   0.1402   0.0140   0.0000   0.0002  -0.0348    0.249
    78   1.2559   0.9494   0.0949   0.1265   0.1041   0.1330   0.1325   0.0134   0.0000   0.0002  -0.0329    0.249
    79   1.3544   0.9300   0.0899   0.1165   0.1047   0.1250   0.1246   0.0127   0.0000   0.0002  -0.0309    0.248
    80   1.4489   0.9113   0.0840   0.1067   0.1053   0.1168   0.1165   0.0120   0.0000   0.0004  -0.0287    0.247
    81   1.5386   0.8936   0.0776   0.0970   0.1059   0.1083   0.1080   0.0113   0.0000   0.0006  -0.0264    0.245
    82   1.6223   0.8770   0.0705   0.0875   0.1065   0.0995   0.0992   0.0104   0.0000   0.0008  -0.0240    0.242
    83   1.6992   0.8618   0.0631   0.0780   0.1072   0.0902   0.0900   0.0095   0.0000   0.0011  -0.0214    0.238
    84   1.7685   0.8481   0.0552   0.0684   0.1078   0.0804   0.0802   0.0085   0.0000   0.0013  -0.0188    0.234
    85   1.8311   0.8358   0.0499   0.0586   0.1085   0.0699   0.0697   0.0074   0.0000   0.0015  -0.0160    0.229
    86   1.8859   0.8249   0.0411   0.0484   0.1091   0.0585   0.0583   0.0064   0.0000   0.0016  -0.0130    0.223
    87   1.9304   0.8161   0.0321   0.0379   0.1097   0.0463   0.0462   0.0050   0.0000   0.0015  -0.0101    0.218
    88   1.9643   0.8094   0.0230   0.0273   0.1103   0.0336   0.0335   0.0037   0.0000   0.0013  -0.0071    0.212
    89   1.9871   0.8049   0.0138   0.0164   0.1107   0.0204   0.0203   0.0022   0.0000   0.0008  -0.0042    0.208
    90   1.9986   0.8027   0.0046   0.0055   0.1109   0.0068   0.0068   0.0007   0.0000   0.0003  -0.0014    0.206

  Surface # 4     horizontal_stabilizer (YDUP)            
     # Chordwise = 10   # Spanwise = 30     First strip = 91
     Surface area =    2.000000       Ave. chord =    1.000000
     CLsurf  =   0.01677     Clsurf  =   0.00130
     CYsurf  =   0.00026     Cmsurf  =  -0.04501
     CDsurf  =   0.00161     Cnsurf  =  -0.00010
     CDisurf =   0.00161     CDvsurf =   0.00000

  Forces referred to Ssurf, Cave about hinge axis thru LE
     CLsurf  =   0.14403     CDsurf  =   0.01386
     Deflect =

 Strip Forces referred to Strip Area, Chord
    j      Yle    Chord     Area     c cl      ai      cl_norm  cl       cd       cdv    cm_c/4    cm_LE  C.P.x/c
    91  -0.0014   1.1973   0.0069   0.2165   0.1007   0.1794   0.1788   0.0275   0.0000   0.0010   0.0439    0.244
    92  -0.0129   1.1951   0.0205   0.2165   0.1005   0.1809   0.1804   0.0176   0.0000   0.0011   0.0440    0.244
    93  -0.0357   1.1906   0.0338   0.2164   0.1003   0.1816   0.1810   0.0169   0.0000   0.0012   0.0440    0.244
    94  -0.0696   1.1839   0.0465   0.2160   0.1001   0.1823   0.1818   0.0167   0.0000   0.0013   0.0441    0.243
    95  -0.1141   1.1751   0.0585   0.2152   0.0999   0.1830   0.1825   0.0167   0.0000   0.0014   0.0441    0.242
    96  -0.1689   1.1642   0.0695   0.2138   0.0997   0.1836   0.1830   0.0166   0.0000   0.0015   0.0441    0.242
    97  -0.2315   1.1519   0.0750   0.2116   0.0996   0.1836   0.1831   0.0166   0.0000   0.0016   0.0441    0.241
    98  -0.3008   1.1382   0.0833   0.2085   0.0995   0.1831   0.1826   0.0167   0.0000   0.0016   0.0440    0.241
    99  -0.3777   1.1230   0.0903   0.2044   0.0996   0.1819   0.1813   0.0165   0.0000   0.0015   0.0437    0.241
   100  -0.4614   1.1064   0.0960   0.1990   0.0997   0.1797   0.1792   0.0165   0.0000   0.0014   0.0433    0.242
   101  -0.5511   1.0887   0.1004   0.1925   0.1000   0.1766   0.1761   0.0165   0.0000   0.0013   0.0427    0.243
   102  -0.6456   1.0700   0.1034   0.1848   0.1004   0.1726   0.1720   0.0160   0.0000   0.0011   0.0419    0.244
   103  -0.7441   1.0506   0.1050   0.1762   0.1010   0.1676   0.1671   0.0154   0.0000   0.0008   0.0409    0.245
   104  -0.8453   1.0306   0.1054   0.1668   0.1016   0.1617   0.1613   0.0150   0.0000   0.0006   0.0396    0.246
   105  -0.9482   1.0102   0.1044   0.1570   0.1022   0.1552   0.1547   0.0151   0.0000   0.0004   0.0382    0.247
   106  -1.0518   0.9898   0.1023   0.1468   0.1029   0.1481   0.1476   0.0146   0.0000   0.0003   0.0366    0.248
   107  -1.1547   0.9694   0.0991   0.1366   0.1035   0.1407   0.1402   0.0140   0.0000   0.0002   0.0348    0.249
   108  -1.2559   0.9494   0.0949   0.1265   0.1041   0.1330   0.1325   0.0134   0.0000   0.0002   0.0329    0.249
   109  -1.3544   0.9300   0.0899   0.1165   0.1047   0.1250   0.1246   0.0127   0.0000   0.0002   0.0309    0.248
   110  -1.4489   0.9113   0.0840   0.1067   0.1053   0.1168   0.1165   0.0120   0.0000   0.0004   0.0287    0.247
   111  -1.5386   0.8936   0.0776   0.0970   0.1059   0.1083   0.1080   0.0113   0.0000   0.0006   0.0264    0.245
   112  -1.6223   0.8770   0.0705   0.0875   0.1065   0.0995   0.0992   0.0104   0.0000   0.0008   0.0240    0.242
   113  -1.6992   0.8618   0.0631   0.0780   0.1072   0.0902   0.0900   0.0095   0.0000   0.0011   0.0214    0.238
   114  -1.7685   0.8481   0.0552   0.0684   0.1078   0.0804   0.0802   0.0085   0.0000   0.0013   0.0188    0.234
   115  -1.8311   0.8358   0.0499   0.0586   0.1085   0.0699   0.0697   0.0074   0.0000   0.0015   0.0160    0.229
   116  -1.8859   0.8249   0.0411   0.0484   0.1091   0.0585   0.0583   0.0064   0.0000   0.0016   0.0130    0.223
   117  -1.9304   0.8161   0.0321   0.0379   0.1097   0.0463   0.0462   0.0050   0.0000   0.0015   0.0101    0.218
   118  -1.9643   0.8094   0.0230   0.0273   0.1103   0.0336   0.0335   0.0037   0.0000   0.0013   0.0071    0.212
   119  -1.9871   0.8049   0.0138   0.0164   0.1107   0.0204   0.0203   0.0022   0.0000   0.0008   0.0042    0.208
   120  -1.9986   0.8027   0.0046   0.0055   0.1109   0.0068   0.0068   0.0007   0.0000   0.0003   0.0014    0.206

  Surface # 5     vertical_stabilizer                     
     # Chordwise = 10   # Spanwise = 30     First strip =121
     Surface area =    1.162981       Ave. chord =    0.785002
     CLsurf  =   0.00000     Clsurf  =   0.00000
     CYsurf  =   0.00000     Cmsurf  =  -0.00000
     CDsurf  =  -0.00000     Cnsurf  =  -0.00000
     CDisurf =  -0.00000     CDvsurf =   0.00000

  Forces referred to Ssurf, Cave about hinge axis thru LE
     CLsurf  =  -0.00000     CDsurf  =  -0.00000
     Deflect =

 Strip Forces referred to Strip Area, Chord
    j      Yle    Chord     Area     c cl      ai      cl_norm  cl       cd       cdv    cm_c/4    cm_LE  C.P.x/c
   121   0.0000   1.0573   0.0140  -0.0000   0.0000  -0.0000  -0.0000   0.0000   0.0000  -0.0000   0.0000    0.173
   122   0.0000   1.0509   0.0227  -0.0000   0.0000  -0.0000  -0.0000  -0.0000   0.0000  -0.0000   0.0000    0.201
   123   0.0000   1.0413   0.0311  -0.0000   0.0000  -0.0000  -0.0000  -0.0000   0.0000  -0.0000   0.0000    0.209
   124   0.0000   1.0287   0.0389  -0.0000   0.0000  -0.0000  -0.0000  -0.0000   0.0000  -0.0000   0.0000    0.201
   125   0.0000   1.0133   0.0461  -0.0000   0.0000  -0.0000  -0.0000  -0.0000   0.0000  -0.0000   0.0000    0.203
   126   0.0000   0.9966   0.0440  -0.0000   0.0000  -0.0000  -0.0000  -0.0000   0.0000  -0.0000   0.0000    0.209
   127   0.0000   0.9792   0.0488  -0.0000   0.0000  -0.0000  -0.0000  -0.0000   0.0000  -0.0000   0.0000    0.216
   128   0.0000   0.9597   0.0527  -0.0000   0.0000  -0.0000  -0.0000  -0.0000   0.0000  -0.0000   0.0000    0.218
   129   0.0000   0.9385   0.0559  -0.0000   0.0000  -0.0000  -0.0000  -0.0000   0.0000  -0.0000   0.0000    0.224
   130   0.0000   0.9157   0.0582  -0.0000   0.0000  -0.0000  -0.0000  -0.0000   0.0000  -0.0000   0.0000    0.226
   131   0.0000   0.8915   0.0596  -0.0000   0.0000  -0.0000  -0.0000  -0.0000   0.0000  -0.0000   0.0000    0.228
   132   0.0000   0.8662   0.0602  -0.0000   0.0000  -0.0000  -0.0000  -0.0000   0.0000  -0.0000   0.0000    0.233
   133   0.0000   0.8401   0.0601  -0.0000   0.0000  -0.0000  -0.0000  -0.0000   0.0000  -0.0000   0.0000    0.226
   134   0.0000   0.8133   0.0592  -0.0000   0.0000  -0.0000  -0.0000  -0.0000   0.0000  -0.0000   0.0000    0.228
   135   0.0000   0.7863   0.0576  -0.0000   0.0000  -0.0000  -0.0000  -0.0000   0.0000  -0.0000   0.0000    0.234
   136   0.0000   0.7592   0.0554  -0.0000  -0.0000  -0.0000  -0.0000  -0.0000   0.0000  -0.0000   0.0000    0.239
   137   0.0000   0.7323   0.0527  -0.0000   0.0000  -0.0000  -0.0000  -0.0000   0.0000  -0.0000   0.0000    0.235
   138   0.0000   0.7060   0.0495  -0.0000   0.0000  -0.0000  -0.0000  -0.0000   0.0000  -0.0000   0.0000    0.231
   139   0.0000   0.6804   0.0460  -0.0000   0.0000  -0.0000  -0.0000  -0.0000   0.0000  -0.0000   0.0000    0.229
   140   0.0000   0.6560   0.0422  -0.0000   0.0000  -0.0000  -0.0000  -0.0000   0.0000  -0.0000   0.0000    0.225
   141   0.0000   0.6328   0.0383  -0.0000   0.0000  -0.0000  -0.0000  -0.0000   0.0000  -0.0000   0.0000    0.216
   142   0.0000   0.6112   0.0342  -0.0000   0.0000  -0.0000  -0.0000  -0.0000   0.0000  -0.0000   0.0000    0.211
   143   0.0000   0.5914   0.0301  -0.0000   0.0000  -0.0000  -0.0000  -0.0000   0.0000  -0.0000   0.0000    0.207
   144   0.0000   0.5736   0.0259  -0.0000   0.0000  -0.0000  -0.0000  -0.0000   0.0000  -0.0000   0.0000    0.199
   145   0.0000   0.5570   0.0246  -0.0000   0.0000  -0.0000  -0.0000  -0.0000   0.0000  -0.0000   0.0000    0.192
   146   0.0000   0.5419   0.0200  -0.0000   0.0000  -0.0000  -0.0000  -0.0000   0.0000  -0.0000   0.0000    0.186
   147   0.0000   0.5297   0.0154  -0.0000   0.0000  -0.0000  -0.0000  -0.0000   0.0000  -0.0000   0.0000    0.168
   148   0.0000   0.5204   0.0109  -0.0000   0.0000  -0.0000  -0.0000  -0.0000   0.0000  -0.0000   0.0000    0.161
   149   0.0000   0.5141   0.0065  -0.0000   0.0000  -0.0000  -0.0000  -0.0000   0.0000  -0.0000   0.0000    0.146
   150   0.0000   0.5110   0.0022  -0.0000   0.0000  -0.0000  -0.0000  -0.0000   0.0000  -0.0000   0.0000    0.149
 ---------------------------------------------------------------
