 ---------------------------------------------------------------
 Surface and Strip Forces by surface

  Forces referred to Sref, Cref, Bref about Xref, Yref, Zref
 Standard axis orientation,  X fwd, Z down         

  Surface # 1     main_wing                               
     # Chordwise = 10   # Spanwise = 30     First strip =  1
     Surface area =    8.662745       Ave. chord =    1.689678
     CLsurf  =   0.25918     Clsurf  =  -0.05821
     CYsurf  =  -0.03297     Cmsurf  =  -0.07928
     CDsurf  =   0.00761     Cnsurf  =   0.00374
     CDisurf =   0.00761     CDvsurf =   0.00000

  Forces referred to Ssurf, Cave about hinge axis thru LE
     CLsurf  =   0.51807     CDsurf  =   0.01509
     Deflect =

 Strip Forces referred to Strip Area, Chord
    j      Yle    Chord     Area     c cl      ai      cl_norm  cl       cd       cdv    cm_c/4    cm_LE  C.P.x/c
     1   0.0034   2.1937   0.0299   0.9789  -0.0801   0.4462   0.4462  -0.0244   0.0000  -0.0958  -0.2070    0.465
     2   0.0304   2.1884   0.0891   0.8203  -0.0771   0.3749   0.3749  -0.0024   0.0000  -0.0802  -0.1737    0.464
     3   0.0840   2.1777   0.1468   0.8125  -0.0700   0.3731   0.3731  -0.0013   0.0000  -0.0808  -0.1739    0.467
     4   0.1638   2.1619   0.2017   0.8207  -0.0586   0.3797   0.3796  -0.0009   0.0000  -0.0848  -0.1795    0.473
     5   0.2688   2.1410   0.2531   0.8401  -0.0432   0.3924   0.3924  -0.0004   0.0000  -0.0923  -0.1901    0.485
     6   0.3979   2.1154   0.3000   0.8745  -0.0241   0.4134   0.4134   0.0020   0.0000  -0.1042  -0.2073    0.502
     7   0.5496   2.0852   0.3417   0.9175  -0.0013   0.4400   0.4400   0.0045   0.0000  -0.1197  -0.2294    0.522
     8   0.7223   2.0509   0.3776   0.9684   0.0251   0.4722   0.4722   0.0067   0.0000  -0.1385  -0.2562    0.543
     9   0.9142   2.0128   0.4073   1.0237   0.0558   0.5086   0.5086   0.0115   0.0000  -0.1595  -0.2863    0.564
    10   1.1285   1.9703   0.4526   1.0606   0.0693   0.5383   0.5383   0.0159   0.0000  -0.1756  -0.3098    0.576
    11   1.3637   1.9236   0.4694   1.0752   0.0634   0.5590   0.5590   0.0173   0.0000  -0.1849  -0.3242    0.581
    12   1.6118   1.8743   0.4793   1.0743   0.0612   0.5732   0.5731   0.0180   0.0000  -0.1907  -0.3335    0.583
    13   1.8700   1.8230   0.4823   1.0633   0.0643   0.5833   0.5833   0.0190   0.0000  -0.1945  -0.3398    0.583
    14   2.1357   1.7703   0.4789   1.0455   0.0704   0.5906   0.5906   0.0194   0.0000  -0.1969  -0.3441    0.583
    15   2.4057   1.7167   0.4695   1.0221   0.0726   0.5954   0.5954   0.0196   0.0000  -0.1986  -0.3469    0.584
    16   2.6723   1.6637   0.4384   0.9939   0.0710   0.5974   0.5974   0.0194   0.0000  -0.1994  -0.3483    0.584
    17   2.9325   1.6120   0.4201   0.9590   0.0689   0.5949   0.5949   0.0202   0.0000  -0.1993  -0.3476    0.585
    18   3.1884   1.5612   0.3979   0.9236   0.0676   0.5916   0.5916   0.0197   0.0000  -0.1992  -0.3467    0.587
    19   3.4372   1.5118   0.3724   0.8816   0.0672   0.5831   0.5831   0.0198   0.0000  -0.1982  -0.3435    0.590
    20   3.6775   1.4641   0.3480   0.8361   0.0678   0.5711   0.5711   0.0204   0.0000  -0.1966  -0.3389    0.594
    21   3.9066   1.4186   0.3174   0.7866   0.0695   0.5545   0.5545   0.0206   0.0000  -0.1941  -0.3323    0.600
    22   4.1206   1.3761   0.2853   0.7320   0.0725   0.5320   0.5320   0.0208   0.0000  -0.1903  -0.3229    0.608
    23   4.3172   1.3370   0.2522   0.6737   0.0767   0.5039   0.5039   0.0204   0.0000  -0.1849  -0.3104    0.617
    24   4.4942   1.3019   0.2186   0.6092   0.0823   0.4680   0.4679   0.0200   0.0000  -0.1770  -0.2936    0.628
    25   4.6536   1.2702   0.1944   0.5386   0.0893   0.4240   0.4240   0.0191   0.0000  -0.1657  -0.2713    0.641
    26   4.7929   1.2426   0.1585   0.4578   0.0979   0.3685   0.3685   0.0176   0.0000  -0.1494  -0.2411    0.655
    27   4.9062   1.2201   0.1229   0.3692   0.1077   0.3026   0.3026   0.0152   0.0000  -0.1272  -0.2025    0.670
    28   4.9923   1.2030   0.0875   0.2720   0.1182   0.2261   0.2261   0.0124   0.0000  -0.0983  -0.1546    0.685
    29   5.0502   1.1915   0.0524   0.1673   0.1284   0.1404   0.1404   0.0087   0.0000  -0.0627  -0.0977    0.697
    30   5.0794   1.1857   0.0174   0.0566   0.1353   0.0478   0.0478   0.0033   0.0000  -0.0217  -0.0335    0.703

  Surface # 2     main_wing (YDUP)                        
     # Chordwise = 10   # Spanwise = 30     First strip = 31
     Surface area =    8.662745       Ave. chord =    1.689678
     CLsurf  =   0.25918     Clsurf  =   0.05821
     CYsurf  =   0.03297     Cmsurf  =  -0.07928
     CDsurf  =   0.00761     Cnsurf  =  -0.00374
     CDisurf =   0.00761     CDvsurf =   0.00000

  Forces referred to Ssurf, Cave about hinge axis thru LE
     CLsurf  =   0.51807     CDsurf  =   0.01509
     Deflect =

 Strip Forces referred to Strip Area, Chord
    j      Yle    Chord     Area     c cl      ai      cl_norm  cl       cd       cdv    cm_c/4    cm_LE  C.P.x/c
    31  -0.0034   2.1937   0.0299   0.9789  -0.0801   0.4462   0.4462  -0.0244   0.0000  -0.0958   0.2070    0.465
    32  -0.0304   2.1884   0.0891   0.8203  -0.0771   0.3749   0.3749  -0.0024   0.0000  -0.0802   0.1737    0.464
    33  -0.0840   2.1777   0.1468   0.8125  -0.0700   0.3731   0.3731  -0.0013   0.0000  -0.0808   0.1739    0.467
    34  -0.1638   2.1619   0.2017   0.8207  -0.0586   0.3797   0.3796  -0.0009   0.0000  -0.0848   0.1795    0.473
    35  -0.2688   2.1410   0.2531   0.8401  -0.0432   0.3924   0.3924  -0.0004   0.0000  -0.0923   0.1901    0.485
    36  -0.3979   2.1154   0.3000   0.8745  -0.0241   0.4134   0.4134   0.0020   0.0000  -0.1042   0.2073    0.502
    37  -0.5496   2.0852   0.3417   0.9175  -0.0013   0.4400   0.4400   0.0045   0.0000  -0.1197   0.2294    0.522
    38  -0.7223   2.0509   0.3776   0.9684   0.0251   0.4722   0.4722   0.0067   0.0000  -0.1385   0.2562    0.543
    39  -0.9142   2.0128   0.4073   1.0237   0.0558   0.5086   0.5086   0.0115   0.0000  -0.1595   0.2863    0.564
    40  -1.1285   1.9703   0.4526   1.0606   0.0693   0.5383   0.5383   0.0159   0.0000  -0.1756   0.3098    0.576
    41  -1.3637   1.9236   0.4694   1.0752   0.0634   0.5590   0.5590   0.0173   0.0000  -0.1849   0.3242    0.581
    42  -1.6118   1.8743   0.4793   1.0743   0.0612   0.5732   0.5731   0.0180   0.0000  -0.1907   0.3335    0.583
    43  -1.8700   1.8230   0.4823   1.0633   0.0643   0.5833   0.5833   0.0190   0.0000  -0.1945   0.3398    0.583
    44  -2.1357   1.7703   0.4789   1.0455   0.0704   0.5906   0.5906   0.0194   0.0000  -0.1969   0.3441    0.583
    45  -2.4057   1.7167   0.4695   1.0221   0.0726   0.5954   0.5954   0.0196   0.0000  -0.1986   0.3469    0.584
    46  -2.6723   1.6637   0.4384   0.9939   0.0710   0.5974   0.5974   0.0194   0.0000  -0.1994   0.3483    0.584
    47  -2.9325   1.6120   0.4201   0.9590   0.0689   0.5949   0.5949   0.0202   0.0000  -0.1993   0.3476    0.585
    48  -3.1884   1.5612   0.3979   0.9236   0.0676   0.5916   0.5916   0.0197   0.0000  -0.1992   0.3467    0.587
    49  -3.4372   1.5118   0.3724   0.8815   0.0672   0.5831   0.5831   0.0198   0.0000  -0.1982   0.3435    0.590
    50  -3.6775   1.4641   0.3480   0.8361   0.0678   0.5711   0.5711   0.0204   0.0000  -0.1966   0.3389    0.594
    51  -3.9066   1.4186   0.3174   0.7866   0.0695   0.5545   0.5545   0.0206   0.0000  -0.1941   0.3323    0.600
    52  -4.1206   1.3761   0.2853   0.7320   0.0725   0.5320   0.5320   0.0208   0.0000  -0.1903   0.3229    0.608
    53  -4.3172   1.3370   0.2522   0.6737   0.0767   0.5039   0.5039   0.0204   0.0000  -0.1849   0.3104    0.617
    54  -4.4942   1.3019   0.2186   0.6092   0.0823   0.4680   0.4679   0.0200   0.0000  -0.1770   0.2936    0.628
    55  -4.6536   1.2702   0.1944   0.5385   0.0893   0.4240   0.4240   0.0191   0.0000  -0.1657   0.2713    0.641
    56  -4.7929   1.2426   0.1585   0.4578   0.0979   0.3685   0.3685   0.0176   0.0000  -0.1494   0.2411    0.655
    57  -4.9062   1.2201   0.1229   0.3692   0.1077   0.3026   0.3026   0.0152   0.0000  -0.1272   0.2025    0.670
    58  -4.9923   1.2030   0.0875   0.2720   0.1182   0.2261   0.2261   0.0124   0.0000  -0.0983   0.1546    0.685
    59  -5.0502   1.1915   0.0524   0.1673   0.1284   0.1404   0.1404   0.0087   0.0000  -0.0627   0.0977    0.697
    60  -5.0794   1.1857   0.0174   0.0566   0.1353   0.0478   0.0478   0.0033   0.0000  -0.0217   0.0335    0.703

  Surface # 3     horizontal_stabilizer                   
     # Chordwise = 10   # Spanwise = 30     First strip = 61
     Surface area =    2.000000       Ave. chord =    1.000000
     CLsurf  =  -0.01808     Clsurf  =   0.00166
     CYsurf  =   0.00005     Cmsurf  =   0.04801
     CDsurf  =  -0.00046     Cnsurf  =  -0.00007
     CDisurf =  -0.00046     CDvsurf =   0.00000

  Forces referred to Ssurf, Cave about hinge axis thru LE
     CLsurf  =  -0.15532     CDsurf  =  -0.00399
     Deflect =

 Strip Forces referred to Strip Area, Chord
    j      Yle    Chord     Area     c cl      ai      cl_norm  cl       cd       cdv    cm_c/4    cm_LE  C.P.x/c
    61   0.0014   1.1973   0.0069  -0.1602   0.0067  -0.1342  -0.1338   0.0054   0.0000   0.0000   0.0333    0.250
    62   0.0129   1.1951   0.0205  -0.1602   0.0068  -0.1344  -0.1340  -0.0014   0.0000  -0.0000   0.0333    0.250
    63   0.0357   1.1906   0.0338  -0.1602   0.0069  -0.1350  -0.1345  -0.0019   0.0000  -0.0001   0.0334    0.249
    64   0.0696   1.1839   0.0465  -0.1603   0.0071  -0.1358  -0.1354  -0.0021   0.0000  -0.0002   0.0335    0.249
    65   0.1141   1.1751   0.0585  -0.1605   0.0073  -0.1370  -0.1366  -0.0022   0.0000  -0.0004   0.0336    0.247
    66   0.1689   1.1642   0.0695  -0.1609   0.0076  -0.1387  -0.1382  -0.0023   0.0000  -0.0006   0.0338    0.246
    67   0.2315   1.1519   0.0750  -0.1617   0.0079  -0.1408  -0.1404  -0.0024   0.0000  -0.0008   0.0341    0.244
    68   0.3008   1.1382   0.0833  -0.1628   0.0083  -0.1435  -0.1431  -0.0027   0.0000  -0.0011   0.0345    0.242
    69   0.3777   1.1230   0.0903  -0.1644   0.0088  -0.1468  -0.1464  -0.0027   0.0000  -0.0015   0.0349    0.240
    70   0.4614   1.1064   0.0960  -0.1663   0.0094  -0.1508  -0.1503  -0.0030   0.0000  -0.0019   0.0355    0.237
    71   0.5511   1.0887   0.1004  -0.1686   0.0101  -0.1553  -0.1548  -0.0030   0.0000  -0.0024   0.0361    0.234
    72   0.6456   1.0700   0.1034  -0.1710   0.0109  -0.1603  -0.1598  -0.0034   0.0000  -0.0030   0.0367    0.231
    73   0.7441   1.0506   0.1050  -0.1733   0.0117  -0.1655  -0.1650  -0.0036   0.0000  -0.0036   0.0374    0.228
    74   0.8453   1.0306   0.1054  -0.1753   0.0124  -0.1706  -0.1701  -0.0045   0.0000  -0.0043   0.0380    0.225
    75   0.9482   1.0102   0.1044  -0.1765   0.0130  -0.1753  -0.1747  -0.0048   0.0000  -0.0050   0.0384    0.221
    76   1.0518   0.9898   0.1023  -0.1768   0.0135  -0.1792  -0.1786  -0.0050   0.0000  -0.0058   0.0387    0.218
    77   1.1547   0.9694   0.0991  -0.1757   0.0137  -0.1818  -0.1812  -0.0054   0.0000  -0.0065   0.0386    0.214
    78   1.2559   0.9494   0.0949  -0.1731   0.0137  -0.1829  -0.1823  -0.0056   0.0000  -0.0072   0.0381    0.210
    79   1.3544   0.9300   0.0899  -0.1688   0.0135  -0.1820  -0.1815  -0.0059   0.0000  -0.0079   0.0373    0.206
    80   1.4489   0.9113   0.0840  -0.1626   0.0131  -0.1790  -0.1784  -0.0061   0.0000  -0.0085   0.0359    0.202
    81   1.5386   0.8936   0.0776  -0.1546   0.0125  -0.1736  -0.1730  -0.0059   0.0000  -0.0091   0.0340    0.197
    82   1.6223   0.8770   0.0705  -0.1448   0.0119  -0.1656  -0.1651  -0.0056   0.0000  -0.0095   0.0316    0.192
    83   1.6992   0.8618   0.0631  -0.1332   0.0113  -0.1550  -0.1545  -0.0053   0.0000  -0.0098   0.0287    0.186
    84   1.7685   0.8481   0.0552  -0.1199   0.0106  -0.1418  -0.1414  -0.0049   0.0000  -0.0099   0.0254    0.180
    85   1.8311   0.8358   0.0499  -0.1049   0.0100  -0.1259  -0.1255  -0.0043   0.0000  -0.0096   0.0217    0.174
    86   1.8859   0.8249   0.0411  -0.0881   0.0093  -0.1071  -0.1068  -0.0035   0.0000  -0.0089   0.0177    0.167
    87   1.9304   0.8161   0.0321  -0.0699   0.0088  -0.0860  -0.0857  -0.0029   0.0000  -0.0077   0.0136    0.160
    88   1.9643   0.8094   0.0230  -0.0507   0.0083  -0.0629  -0.0627  -0.0020   0.0000  -0.0060   0.0096    0.154
    89   1.9871   0.8049   0.0138  -0.0308   0.0079  -0.0383  -0.0382  -0.0012   0.0000  -0.0039   0.0057    0.149
    90   1.9986   0.8027   0.0046  -0.0103   0.0077  -0.0129  -0.0128  -0.0005   0.0000  -0.0013   0.0019    0.146

  Surface # 4     horizontal_stabilizer (YDUP)            
     # Chordwise = 10   # Spanwise = 30     First strip = 91
     Surface area =    2.000000       Ave. chord =    1.000000
     CLsurf  =  -0.01808     Clsurf  =  -0.00166
     CYsurf  =  -0.00005     Cmsurf  =   0.04801
     CDsurf  =  -0.00046     Cnsurf  =   0.00007
     CDisurf =  -0.00046     CDvsurf =   0.00000

  Forces referred to Ssurf, Cave about hinge axis thru LE
     CLsurf  =  -0.15532     CDsurf  =  -0.00399
     Deflect =

 Strip Forces referred to Strip Area, Chord
    j      Yle    Chord     Area     c cl      ai      cl_norm  cl       cd       cdv    cm_c/4    cm_LE  C.P.x/c
    91  -0.0014   1.1973   0.0069  -0.1602   0.0067  -0.1342  -0.1338   0.0054   0.0000   0.0000  -0.0333    0.250
    92  -0.0129   1.1951   0.0205  -0.1602   0.0068  -0.1344  -0.1340  -0.0014   0.0000  -0.0000  -0.0333    0.250
    93  -0.0357   1.1906   0.0338  -0.1602   0.0069  -0.1350  -0.1345  -0.0019   0.0000  -0.0001  -0.0334    0.249
    94  -0.0696   1.1839   0.0465  -0.1603   0.0071  -0.1358  -0.1354  -0.0021   0.0000  -0.0002  -0.0335    0.249
    95  -0.1141   1.1751   0.0585  -0.1605   0.0073  -0.1370  -0.1366  -0.0022   0.0000  -0.0004  -0.0336    0.247
    96  -0.1689   1.1642   0.0695  -0.1609   0.0076  -0.1387  -0.1382  -0.0023   0.0000  -0.0006  -0.0338    0.246
    97  -0.2315   1.1519   0.0750  -0.1617   0.0079  -0.1408  -0.1404  -0.0024   0.0000  -0.0008  -0.0341    0.244
    98  -0.3008   1.1382   0.0833  -0.1628   0.0083  -0.1435  -0.1431  -0.0027   0.0000  -0.0011  -0.0345    0.242
    99  -0.3777   1.1230   0.0903  -0.1644   0.0088  -0.1468  -0.1464  -0.0027   0.0000  -0.0015  -0.0349    0.240
   100  -0.4614   1.1064   0.0960  -0.1663   0.0094  -0.1508  -0.1503  -0.0030   0.0000  -0.0019  -0.0355    0.237
   101  -0.5511   1.0887   0.1004  -0.1686   0.0101  -0.1553  -0.1548  -0.0030   0.0000  -0.0024  -0.0361    0.234
   102  -0.6456   1.0700   0.1034  -0.1710   0.0109  -0.1603  -0.1598  -0.0034   0.0000  -0.0030  -0.0367    0.231
   103  -0.7441   1.0506   0.1050  -0.1733   0.0117  -0.1655  -0.1650  -0.0036   0.0000  -0.0036  -0.0374    0.228
   104  -0.8453   1.0306   0.1054  -0.1753   0.0124  -0.1706  -0.1701  -0.0045   0.0000  -0.0043  -0.0380    0.225
   105  -0.9482   1.0102   0.1044  -0.1765   0.0130  -0.1753  -0.1747  -0.0048   0.0000  -0.0050  -0.0384    0.221
   106  -1.0518   0.9898   0.1023  -0.1768   0.0135  -0.1792  -0.1786  -0.0050   0.0000  -0.0058  -0.0387    0.218
   107  -1.1547   0.9694   0.0991  -0.1757   0.0137  -0.1818  -0.1812  -0.0054   0.0000  -0.0065  -0.0386    0.214
   108  -1.2559   0.9494   0.0949  -0.1731   0.0137  -0.1829  -0.1823  -0.0056   0.0000  -0.0072  -0.0381    0.210
   109  -1.3544   0.9300   0.0899  -0.1688   0.0135  -0.1820  -0.1815  -0.0059   0.0000  -0.0079  -0.0373    0.206
   110  -1.4489   0.9113   0.0840  -0.1626   0.0131  -0.1790  -0.1784  -0.0061   0.0000  -0.0085  -0.0359    0.202
   111  -1.5386   0.8936   0.0776  -0.1546   0.0125  -0.1735  -0.1730  -0.0059   0.0000  -0.0091  -0.0340    0.197
   112  -1.6223   0.8770   0.0705  -0.1448   0.0119  -0.1656  -0.1651  -0.0056   0.0000  -0.0095  -0.0316    0.192
   113  -1.6992   0.8618   0.0631  -0.1332   0.0113  -0.1550  -0.1545  -0.0053   0.0000  -0.0098  -0.0287    0.186
   114  -1.7685   0.8481   0.0552  -0.1199   0.0106  -0.1418  -0.1414  -0.0049   0.0000  -0.0099  -0.0254    0.180
   115  -1.8311   0.8358   0.0499  -0.1049   0.0100  -0.1259  -0.1255  -0.0043   0.0000  -0.0096  -0.0217    0.174
   116  -1.8859   0.8249   0.0411  -0.0881   0.0093  -0.1071  -0.1068  -0.0035   0.0000  -0.0089  -0.0177    0.167
   117  -1.9304   0.8161   0.0321  -0.0699   0.0088  -0.0860  -0.0857  -0.0029   0.0000  -0.0077  -0.0136    0.160
   118  -1.9643   0.8094   0.0230  -0.0507   0.0083  -0.0629  -0.0627  -0.0020   0.0000  -0.0060  -0.0096    0.154
   119  -1.9871   0.8049   0.0138  -0.0308   0.0079  -0.0383  -0.0382  -0.0012   0.0000  -0.0039  -0.0057    0.149
   120  -1.9986   0.8027   0.0046  -0.0103   0.0077  -0.0129  -0.0128  -0.0005   0.0000  -0.0013  -0.0019    0.146

  Surface # 5     vertical_stabilizer                     
     # Chordwise = 10   # Spanwise = 30     First strip =121
     Surface area =    1.162981       Ave. chord =    0.785002
     CLsurf  =  -0.00000     Clsurf  =  -0.00000
     CYsurf  =  -0.00000     Cmsurf  =   0.00000
     CDsurf  =   0.00000     Cnsurf  =   0.00000
     CDisurf =   0.00000     CDvsurf =   0.00000

  Forces referred to Ssurf, Cave about hinge axis thru LE
     CLsurf  =   0.00000     CDsurf  =   0.00000
     Deflect =

 Strip Forces referred to Strip Area, Chord
    j      Yle    Chord     Area     c cl      ai      cl_norm  cl       cd       cdv    cm_c/4    cm_LE  C.P.x/c
   121   0.0000   1.0573   0.0140   0.0000  -0.0000   0.0000   0.0000   0.0000   0.0000  -0.0000  -0.0000    0.427
   122   0.0000   1.0509   0.0227   0.0000  -0.0000   0.0000   0.0000   0.0000   0.0000  -0.0000  -0.0000    0.376
   123   0.0000   1.0413   0.0311   0.0000  -0.0000   0.0000   0.0000   0.0000   0.0000  -0.0000  -0.0000    0.340
   124   0.0000   1.0287   0.0389   0.0000  -0.0000   0.0000   0.0000   0.0000   0.0000  -0.0000  -0.0000    0.318
   125   0.0000   1.0133   0.0461   0.0000  -0.0000   0.0000   0.0000   0.0000   0.0000  -0.0000  -0.0000    0.330
   126   0.0000   0.9966   0.0440   0.0000  -0.0000   0.0000   0.0000   0.0000   0.0000  -0.0000  -0.0000    0.278
   127   0.0000   0.9792   0.0488   0.0000  -0.0000   0.0000   0.0000   0.0000   0.0000   0.0000  -0.0000    0.206
   128   0.0000   0.9597   0.0527   0.0000  -0.0000   0.0000   0.0000   0.0000   0.0000   0.0000  -0.0000    0.214
   129   0.0000   0.9385   0.0559   0.0000  -0.0000   0.0000   0.0000   0.0000   0.0000   0.0000  -0.0000    0.221
   130   0.0000   0.9157   0.0582   0.0000   0.0000   0.0000   0.0000   0.0000   0.0000   0.0000  -0.0000    0.228
   131   0.0000   0.8915   0.0596   0.0000   0.0000   0.0000   0.0000  -0.0000   0.0000   0.0000  -0.0000    0.218
   132   0.0000   0.8662   0.0602   0.0000   0.0000   0.0000   0.0000   0.0000   0.0000   0.0000  -0.0000    0.238
   133   0.0000   0.8401   0.0601   0.0000   0.0000   0.0000   0.0000   0.0000   0.0000  -0.0000  -0.0000    0.254
   134   0.0000   0.8133   0.0592   0.0000   0.0000   0.0000   0.0000  -0.0000   0.0000   0.0000  -0.0000    0.239
   135   0.0000   0.7863   0.0576   0.0000   0.0000   0.0000   0.0000   0.0000   0.0000   0.0000  -0.0000    0.236
   136   0.0000   0.7592   0.0554   0.0000   0.0000   0.0000   0.0000   0.0000   0.0000   0.0000  -0.0000    0.231
   137   0.0000   0.7323   0.0527   0.0000   0.0000   0.0000   0.0000   0.0000   0.0000   0.0000  -0.0000    0.249
   138   0.0000   0.7060   0.0495   0.0000   0.0000   0.0000   0.0000   0.0000   0.0000  -0.0000  -0.0000    0.280
   139   0.0000   0.6804   0.0460   0.0000   0.0000   0.0000   0.0000  -0.0000   0.0000  -0.0000  -0.0000    0.329
   140   0.0000   0.6560   0.0422   0.0000  -0.0000   0.0000   0.0000   0.0000   0.0000  -0.0000  -0.0000    0.328
   141   0.0000   0.6328   0.0383   0.0000   0.0000   0.0000   0.0000   0.0000   0.0000  -0.0000  -0.0000    0.317
   142   0.0000   0.6112   0.0342   0.0000  -0.0000   0.0000   0.0000  -0.0000   0.0000  -0.0000  -0.0000    0.315
   143   0.0000   0.5914   0.0301   0.0000   0.0000   0.0000   0.0000   0.0000   0.0000  -0.0000  -0.0000    0.357
   144   0.0000   0.5736   0.0259   0.0000  -0.0000   0.0000   0.0000   0.0000   0.0000  -0.0000  -0.0000    0.460
   145   0.0000   0.5570   0.0246   0.0000   0.0000   0.0000   0.0000  -0.0000   0.0000  -0.0000  -0.0000    0.653
   146   0.0000   0.5419   0.0200   0.0000   0.0000   0.0000   0.0000  -0.0000   0.0000  -0.0000  -0.0000    0.927
   147   0.0000   0.5297   0.0154   0.0000   0.0000   0.0000   0.0000   0.0000   0.0000  -0.0000  -0.0000    1.589
   148   0.0000   0.5204   0.0109   0.0000   0.0000   0.0000   0.0000  -0.0000   0.0000  -0.0000  -0.0000
   149   0.0000   0.5141   0.0065   0.0000   0.0000   0.0000   0.0000   0.0000   0.0000  -0.0000  -0.0000
   150   0.0000   0.5110   0.0022   0.0000   0.0000   0.0000   0.0000  -0.0000   0.0000  -0.0000  -0.0000    1.785
 ---------------------------------------------------------------
