 ---------------------------------------------------------------
 Surface and Strip Forces by surface

  Forces referred to Sref, Cref, Bref about Xref, Yref, Zref
 Standard axis orientation,  X fwd, Z down         

  Surface # 1     main_wing                               
     # Chordwise = 10   # Spanwise = 30     First strip =  1
     Surface area =    8.662745       Ave. chord =    1.689678
     CLsurf  =   0.23186     Clsurf  =  -0.05245
     CYsurf  =  -0.02950     Cmsurf  =  -0.06799
     CDsurf  =   0.00623     Cnsurf  =   0.00314
     CDisurf =   0.00623     CDvsurf =   0.00000

  Forces referred to Ssurf, Cave about hinge axis thru LE
     CLsurf  =   0.46346     CDsurf  =   0.01236
     Deflect =

 Strip Forces referred to Strip Area, Chord
    j      Yle    Chord     Area     c cl      ai      cl_norm  cl       cd       cdv    cm_c/4    cm_LE  C.P.x/c
     1   0.0034   2.1937   0.0299   0.8009  -0.0807   0.3651   0.3651  -0.0142   0.0000  -0.0718  -0.1629    0.447
     2   0.0304   2.1884   0.0891   0.7048  -0.0777   0.3221   0.3221  -0.0020   0.0000  -0.0632  -0.1435    0.446
     3   0.0840   2.1777   0.1468   0.7018  -0.0705   0.3223   0.3223  -0.0016   0.0000  -0.0643  -0.1446    0.449
     4   0.1638   2.1619   0.2017   0.7113  -0.0590   0.3290   0.3290  -0.0013   0.0000  -0.0682  -0.1502    0.457
     5   0.2688   2.1410   0.2531   0.7307  -0.0438   0.3413   0.3413  -0.0012   0.0000  -0.0752  -0.1603    0.470
     6   0.3979   2.1154   0.3000   0.7638  -0.0250   0.3611   0.3611   0.0012   0.0000  -0.0862  -0.1762    0.489
     7   0.5496   2.0852   0.3417   0.8059  -0.0027   0.3865   0.3865   0.0031   0.0000  -0.1006  -0.1970    0.510
     8   0.7223   2.0509   0.3776   0.8563   0.0230   0.4175   0.4175   0.0052   0.0000  -0.1182  -0.2223    0.533
     9   0.9142   2.0128   0.4073   0.9090   0.0529   0.4516   0.4516   0.0098   0.0000  -0.1374  -0.2500    0.554
    10   1.1285   1.9703   0.4526   0.9449   0.0656   0.4796   0.4796   0.0131   0.0000  -0.1522  -0.2717    0.567
    11   1.3637   1.9236   0.4694   0.9605   0.0591   0.4994   0.4994   0.0143   0.0000  -0.1603  -0.2848    0.571
    12   1.6118   1.8743   0.4793   0.9609   0.0561   0.5127   0.5127   0.0149   0.0000  -0.1651  -0.2929    0.572
    13   1.8700   1.8230   0.4823   0.9515   0.0581   0.5220   0.5219   0.0156   0.0000  -0.1681  -0.2981    0.572
    14   2.1357   1.7703   0.4789   0.9364   0.0630   0.5289   0.5289   0.0158   0.0000  -0.1699  -0.3018    0.571
    15   2.4057   1.7167   0.4695   0.9157   0.0646   0.5335   0.5334   0.0159   0.0000  -0.1711  -0.3040    0.571
    16   2.6723   1.6637   0.4384   0.8911   0.0632   0.5356   0.5356   0.0157   0.0000  -0.1717  -0.3052    0.571
    17   2.9325   1.6120   0.4201   0.8610   0.0614   0.5341   0.5341   0.0163   0.0000  -0.1717  -0.3048    0.571
    18   3.1884   1.5612   0.3979   0.8297   0.0604   0.5314   0.5314   0.0160   0.0000  -0.1716  -0.3040    0.573
    19   3.4372   1.5118   0.3724   0.7936   0.0602   0.5250   0.5250   0.0160   0.0000  -0.1709  -0.3017    0.576
    20   3.6775   1.4641   0.3480   0.7542   0.0610   0.5152   0.5152   0.0166   0.0000  -0.1698  -0.2982    0.580
    21   3.9066   1.4186   0.3174   0.7107   0.0630   0.5010   0.5010   0.0169   0.0000  -0.1680  -0.2928    0.585
    22   4.1206   1.3761   0.2853   0.6636   0.0661   0.4822   0.4822   0.0172   0.0000  -0.1653  -0.2854    0.593
    23   4.3172   1.3370   0.2522   0.6126   0.0706   0.4581   0.4581   0.0170   0.0000  -0.1613  -0.2754    0.602
    24   4.4942   1.3019   0.2186   0.5559   0.0765   0.4270   0.4270   0.0170   0.0000  -0.1552  -0.2616    0.614
    25   4.6536   1.2702   0.1944   0.4932   0.0841   0.3882   0.3882   0.0164   0.0000  -0.1463  -0.2430    0.627
    26   4.7929   1.2426   0.1585   0.4214   0.0934   0.3391   0.3391   0.0152   0.0000  -0.1330  -0.2175    0.642
    27   4.9062   1.2201   0.1229   0.3411   0.1042   0.2796   0.2796   0.0135   0.0000  -0.1143  -0.1839    0.659
    28   4.9923   1.2030   0.0875   0.2524   0.1157   0.2098   0.2098   0.0109   0.0000  -0.0891  -0.1414    0.675
    29   5.0502   1.1915   0.0524   0.1558   0.1271   0.1308   0.1308   0.0077   0.0000  -0.0573  -0.0899    0.688
    30   5.0794   1.1857   0.0174   0.0529   0.1351   0.0446   0.0446   0.0030   0.0000  -0.0199  -0.0310    0.696

  Surface # 2     main_wing (YDUP)                        
     # Chordwise = 10   # Spanwise = 30     First strip = 31
     Surface area =    8.662745       Ave. chord =    1.689678
     CLsurf  =   0.23186     Clsurf  =   0.05245
     CYsurf  =   0.02950     Cmsurf  =  -0.06799
     CDsurf  =   0.00623     Cnsurf  =  -0.00314
     CDisurf =   0.00623     CDvsurf =   0.00000

  Forces referred to Ssurf, Cave about hinge axis thru LE
     CLsurf  =   0.46346     CDsurf  =   0.01236
     Deflect =

 Strip Forces referred to Strip Area, Chord
    j      Yle    Chord     Area     c cl      ai      cl_norm  cl       cd       cdv    cm_c/4    cm_LE  C.P.x/c
    31  -0.0034   2.1937   0.0299   0.8009  -0.0807   0.3651   0.3651  -0.0142   0.0000  -0.0718   0.1629    0.447
    32  -0.0304   2.1884   0.0891   0.7048  -0.0777   0.3221   0.3221  -0.0020   0.0000  -0.0632   0.1435    0.446
    33  -0.0840   2.1777   0.1468   0.7018  -0.0705   0.3223   0.3223  -0.0016   0.0000  -0.0643   0.1446    0.449
    34  -0.1638   2.1619   0.2017   0.7113  -0.0590   0.3290   0.3290  -0.0013   0.0000  -0.0682   0.1502    0.457
    35  -0.2688   2.1410   0.2531   0.7307  -0.0438   0.3413   0.3413  -0.0012   0.0000  -0.0752   0.1603    0.470
    36  -0.3979   2.1154   0.3000   0.7638  -0.0250   0.3611   0.3611   0.0012   0.0000  -0.0862   0.1762    0.489
    37  -0.5496   2.0852   0.3417   0.8059  -0.0027   0.3865   0.3865   0.0031   0.0000  -0.1006   0.1970    0.510
    38  -0.7223   2.0509   0.3776   0.8563   0.0230   0.4175   0.4175   0.0052   0.0000  -0.1182   0.2223    0.533
    39  -0.9142   2.0128   0.4073   0.9090   0.0529   0.4516   0.4516   0.0098   0.0000  -0.1374   0.2500    0.554
    40  -1.1285   1.9703   0.4526   0.9449   0.0656   0.4796   0.4796   0.0131   0.0000  -0.1522   0.2717    0.567
    41  -1.3637   1.9236   0.4694   0.9605   0.0591   0.4994   0.4994   0.0143   0.0000  -0.1603   0.2848    0.571
    42  -1.6118   1.8743   0.4793   0.9609   0.0561   0.5127   0.5127   0.0149   0.0000  -0.1651   0.2929    0.572
    43  -1.8700   1.8230   0.4823   0.9515   0.0581   0.5220   0.5219   0.0156   0.0000  -0.1681   0.2981    0.572
    44  -2.1357   1.7703   0.4789   0.9364   0.0630   0.5289   0.5289   0.0158   0.0000  -0.1699   0.3018    0.571
    45  -2.4057   1.7167   0.4695   0.9157   0.0646   0.5335   0.5334   0.0159   0.0000  -0.1711   0.3040    0.571
    46  -2.6723   1.6637   0.4384   0.8911   0.0632   0.5356   0.5356   0.0157   0.0000  -0.1717   0.3052    0.571
    47  -2.9325   1.6120   0.4201   0.8610   0.0614   0.5341   0.5341   0.0163   0.0000  -0.1717   0.3048    0.571
    48  -3.1884   1.5612   0.3979   0.8297   0.0604   0.5314   0.5314   0.0160   0.0000  -0.1716   0.3040    0.573
    49  -3.4372   1.5118   0.3724   0.7936   0.0602   0.5250   0.5250   0.0160   0.0000  -0.1709   0.3017    0.576
    50  -3.6775   1.4641   0.3480   0.7542   0.0610   0.5152   0.5151   0.0166   0.0000  -0.1698   0.2982    0.580
    51  -3.9066   1.4186   0.3174   0.7107   0.0630   0.5010   0.5010   0.0169   0.0000  -0.1680   0.2928    0.585
    52  -4.1206   1.3761   0.2853   0.6636   0.0661   0.4822   0.4822   0.0172   0.0000  -0.1653   0.2854    0.593
    53  -4.3172   1.3370   0.2522   0.6126   0.0706   0.4581   0.4581   0.0170   0.0000  -0.1613   0.2754    0.602
    54  -4.4942   1.3019   0.2186   0.5559   0.0765   0.4270   0.4270   0.0170   0.0000  -0.1552   0.2616    0.614
    55  -4.6536   1.2702   0.1944   0.4932   0.0841   0.3882   0.3882   0.0164   0.0000  -0.1463   0.2430    0.627
    56  -4.7929   1.2426   0.1585   0.4214   0.0934   0.3391   0.3391   0.0152   0.0000  -0.1330   0.2175    0.642
    57  -4.9062   1.2201   0.1229   0.3411   0.1042   0.2796   0.2796   0.0135   0.0000  -0.1143   0.1839    0.659
    58  -4.9923   1.2030   0.0875   0.2524   0.1157   0.2098   0.2098   0.0109   0.0000  -0.0891   0.1414    0.675
    59  -5.0502   1.1915   0.0524   0.1558   0.1271   0.1308   0.1308   0.0077   0.0000  -0.0573   0.0899    0.688
    60  -5.0794   1.1857   0.0174   0.0529   0.1351   0.0446   0.0446   0.0030   0.0000  -0.0199   0.0310    0.696

  Surface # 3     horizontal_stabilizer                   
     # Chordwise = 10   # Spanwise = 30     First strip = 61
     Surface area =    2.000000       Ave. chord =    1.000000
     CLsurf  =  -0.01509     Clsurf  =   0.00140
     CYsurf  =   0.00004     Cmsurf  =   0.04010
     CDsurf  =  -0.00037     Cnsurf  =  -0.00006
     CDisurf =  -0.00037     CDvsurf =   0.00000

  Forces referred to Ssurf, Cave about hinge axis thru LE
     CLsurf  =  -0.12961     CDsurf  =  -0.00318
     Deflect =

 Strip Forces referred to Strip Area, Chord
    j      Yle    Chord     Area     c cl      ai      cl_norm  cl       cd       cdv    cm_c/4    cm_LE  C.P.x/c
    61   0.0014   1.1973   0.0069  -0.1293   0.0059  -0.1083  -0.1080   0.0025   0.0000   0.0002   0.0271    0.252
    62   0.0129   1.1951   0.0205  -0.1293   0.0060  -0.1085  -0.1082  -0.0012   0.0000   0.0002   0.0271    0.252
    63   0.0357   1.1906   0.0338  -0.1293   0.0062  -0.1090  -0.1086  -0.0015   0.0000   0.0001   0.0271    0.251
    64   0.0696   1.1839   0.0465  -0.1294   0.0063  -0.1096  -0.1093  -0.0016   0.0000   0.0000   0.0272    0.250
    65   0.1141   1.1751   0.0585  -0.1296   0.0065  -0.1107  -0.1103  -0.0017   0.0000  -0.0001   0.0274    0.249
    66   0.1689   1.1642   0.0695  -0.1301   0.0068  -0.1121  -0.1118  -0.0017   0.0000  -0.0002   0.0276    0.248
    67   0.2315   1.1519   0.0750  -0.1309   0.0071  -0.1140  -0.1137  -0.0018   0.0000  -0.0004   0.0278    0.246
    68   0.3008   1.1382   0.0833  -0.1321   0.0075  -0.1164  -0.1161  -0.0020   0.0000  -0.0007   0.0282    0.244
    69   0.3777   1.1230   0.0903  -0.1337   0.0081  -0.1194  -0.1191  -0.0021   0.0000  -0.0009   0.0287    0.242
    70   0.4614   1.1064   0.0960  -0.1357   0.0087  -0.1231  -0.1227  -0.0023   0.0000  -0.0013   0.0293    0.240
    71   0.5511   1.0887   0.1004  -0.1381   0.0094  -0.1273  -0.1269  -0.0024   0.0000  -0.0016   0.0299    0.237
    72   0.6456   1.0700   0.1034  -0.1408   0.0102  -0.1320  -0.1316  -0.0027   0.0000  -0.0021   0.0306    0.234
    73   0.7441   1.0506   0.1050  -0.1434   0.0110  -0.1369  -0.1365  -0.0032   0.0000  -0.0026   0.0314    0.231
    74   0.8453   1.0306   0.1054  -0.1457   0.0118  -0.1418  -0.1414  -0.0035   0.0000  -0.0031   0.0321    0.228
    75   0.9482   1.0102   0.1044  -0.1475   0.0125  -0.1465  -0.1460  -0.0038   0.0000  -0.0036   0.0327    0.225
    76   1.0518   0.9898   0.1023  -0.1484   0.0130  -0.1504  -0.1499  -0.0040   0.0000  -0.0042   0.0331    0.222
    77   1.1547   0.9694   0.0991  -0.1481   0.0132  -0.1533  -0.1528  -0.0043   0.0000  -0.0047   0.0333    0.219
    78   1.2559   0.9494   0.0949  -0.1465   0.0132  -0.1548  -0.1543  -0.0045   0.0000  -0.0053   0.0331    0.216
    79   1.3544   0.9300   0.0899  -0.1434   0.0130  -0.1547  -0.1542  -0.0047   0.0000  -0.0058   0.0325    0.212
    80   1.4489   0.9113   0.0840  -0.1387   0.0126  -0.1526  -0.1522  -0.0049   0.0000  -0.0064   0.0315    0.208
    81   1.5386   0.8936   0.0776  -0.1323   0.0120  -0.1485  -0.1480  -0.0046   0.0000  -0.0068   0.0300    0.204
    82   1.6223   0.8770   0.0705  -0.1242   0.0114  -0.1421  -0.1416  -0.0045   0.0000  -0.0073   0.0280    0.199
    83   1.6992   0.8618   0.0631  -0.1146   0.0107  -0.1334  -0.1329  -0.0043   0.0000  -0.0076   0.0255    0.193
    84   1.7685   0.8481   0.0552  -0.1034   0.0099  -0.1223  -0.1220  -0.0039   0.0000  -0.0077   0.0226    0.187
    85   1.8311   0.8358   0.0499  -0.0907   0.0092  -0.1088  -0.1085  -0.0035   0.0000  -0.0076   0.0194    0.180
    86   1.8859   0.8249   0.0411  -0.0763   0.0085  -0.0928  -0.0925  -0.0028   0.0000  -0.0072   0.0158    0.172
    87   1.9304   0.8161   0.0321  -0.0607   0.0079  -0.0746  -0.0743  -0.0023   0.0000  -0.0063   0.0122    0.165
    88   1.9643   0.8094   0.0230  -0.0441   0.0073  -0.0546  -0.0544  -0.0016   0.0000  -0.0050   0.0085    0.158
    89   1.9871   0.8049   0.0138  -0.0267   0.0069  -0.0333  -0.0332  -0.0009   0.0000  -0.0032   0.0050    0.152
    90   1.9986   0.8027   0.0046  -0.0090   0.0067  -0.0112  -0.0112  -0.0004   0.0000  -0.0011   0.0017    0.149

  Surface # 4     horizontal_stabilizer (YDUP)            
     # Chordwise = 10   # Spanwise = 30     First strip = 91
     Surface area =    2.000000       Ave. chord =    1.000000
     CLsurf  =  -0.01509     Clsurf  =  -0.00140
     CYsurf  =  -0.00004     Cmsurf  =   0.04010
     CDsurf  =  -0.00037     Cnsurf  =   0.00006
     CDisurf =  -0.00037     CDvsurf =   0.00000

  Forces referred to Ssurf, Cave about hinge axis thru LE
     CLsurf  =  -0.12960     CDsurf  =  -0.00318
     Deflect =

 Strip Forces referred to Strip Area, Chord
    j      Yle    Chord     Area     c cl      ai      cl_norm  cl       cd       cdv    cm_c/4    cm_LE  C.P.x/c
    91  -0.0014   1.1973   0.0069  -0.1293   0.0059  -0.1083  -0.1080   0.0025   0.0000   0.0002  -0.0271    0.252
    92  -0.0129   1.1951   0.0205  -0.1293   0.0060  -0.1085  -0.1082  -0.0012   0.0000   0.0002  -0.0271    0.252
    93  -0.0357   1.1906   0.0338  -0.1293   0.0062  -0.1090  -0.1086  -0.0015   0.0000   0.0001  -0.0271    0.251
    94  -0.0696   1.1839   0.0465  -0.1294   0.0063  -0.1096  -0.1093  -0.0016   0.0000   0.0000  -0.0272    0.250
    95  -0.1141   1.1751   0.0585  -0.1296   0.0065  -0.1107  -0.1103  -0.0017   0.0000  -0.0001  -0.0274    0.249
    96  -0.1689   1.1642   0.0695  -0.1301   0.0068  -0.1121  -0.1118  -0.0017   0.0000  -0.0002  -0.0276    0.248
    97  -0.2315   1.1519   0.0750  -0.1309   0.0071  -0.1140  -0.1137  -0.0018   0.0000  -0.0004  -0.0278    0.246
    98  -0.3008   1.1382   0.0833  -0.1321   0.0075  -0.1164  -0.1161  -0.0020   0.0000  -0.0007  -0.0282    0.244
    99  -0.3777   1.1230   0.0903  -0.1337   0.0081  -0.1194  -0.1191  -0.0021   0.0000  -0.0009  -0.0287    0.242
   100  -0.4614   1.1064   0.0960  -0.1357   0.0087  -0.1231  -0.1227  -0.0023   0.0000  -0.0013  -0.0293    0.240
   101  -0.5511   1.0887   0.1004  -0.1381   0.0094  -0.1273  -0.1269  -0.0024   0.0000  -0.0016  -0.0299    0.237
   102  -0.6456   1.0700   0.1034  -0.1408   0.0102  -0.1320  -0.1316  -0.0027   0.0000  -0.0021  -0.0306    0.234
   103  -0.7441   1.0506   0.1050  -0.1434   0.0110  -0.1369  -0.1365  -0.0032   0.0000  -0.0026  -0.0314    0.231
   104  -0.8453   1.0306   0.1054  -0.1457   0.0118  -0.1418  -0.1414  -0.0035   0.0000  -0.0031  -0.0321    0.228
   105  -0.9482   1.0102   0.1044  -0.1475   0.0125  -0.1465  -0.1460  -0.0038   0.0000  -0.0036  -0.0327    0.225
   106  -1.0518   0.9898   0.1023  -0.1484   0.0130  -0.1504  -0.1499  -0.0040   0.0000  -0.0042  -0.0331    0.222
   107  -1.1547   0.9694   0.0991  -0.1481   0.0132  -0.1533  -0.1528  -0.0043   0.0000  -0.0047  -0.0333    0.219
   108  -1.2559   0.9494   0.0949  -0.1465   0.0132  -0.1548  -0.1543  -0.0045   0.0000  -0.0053  -0.0331    0.216
   109  -1.3544   0.9300   0.0899  -0.1434   0.0130  -0.1547  -0.1542  -0.0047   0.0000  -0.0058  -0.0325    0.212
   110  -1.4489   0.9113   0.0840  -0.1387   0.0126  -0.1526  -0.1522  -0.0049   0.0000  -0.0064  -0.0315    0.208
   111  -1.5386   0.8936   0.0776  -0.1323   0.0120  -0.1485  -0.1480  -0.0046   0.0000  -0.0068  -0.0300    0.204
   112  -1.6223   0.8770   0.0705  -0.1242   0.0114  -0.1421  -0.1416  -0.0045   0.0000  -0.0073  -0.0280    0.199
   113  -1.6992   0.8618   0.0631  -0.1146   0.0107  -0.1334  -0.1329  -0.0043   0.0000  -0.0076  -0.0255    0.193
   114  -1.7685   0.8481   0.0552  -0.1034   0.0099  -0.1223  -0.1220  -0.0039   0.0000  -0.0077  -0.0226    0.187
   115  -1.8311   0.8358   0.0499  -0.0907   0.0092  -0.1088  -0.1085  -0.0035   0.0000  -0.0076  -0.0194    0.180
   116  -1.8859   0.8249   0.0411  -0.0763   0.0085  -0.0928  -0.0925  -0.0028   0.0000  -0.0072  -0.0158    0.172
   117  -1.9304   0.8161   0.0321  -0.0607   0.0079  -0.0746  -0.0743  -0.0023   0.0000  -0.0063  -0.0122    0.165
   118  -1.9643   0.8094   0.0230  -0.0441   0.0073  -0.0546  -0.0544  -0.0016   0.0000  -0.0050  -0.0085    0.158
   119  -1.9871   0.8049   0.0138  -0.0267   0.0069  -0.0333  -0.0332  -0.0009   0.0000  -0.0032  -0.0050    0.152
   120  -1.9986   0.8027   0.0046  -0.0090   0.0067  -0.0112  -0.0112  -0.0004   0.0000  -0.0011  -0.0017    0.149

  Surface # 5     vertical_stabilizer                     
     # Chordwise = 10   # Spanwise = 30     First strip =121
     Surface area =    1.162981       Ave. chord =    0.785002
     CLsurf  =   0.00000     Clsurf  =   0.00000
     CYsurf  =  -0.00000     Cmsurf  =  -0.00000
     CDsurf  =   0.00000     Cnsurf  =   0.00000
     CDisurf =   0.00000     CDvsurf =   0.00000

  Forces referred to Ssurf, Cave about hinge axis thru LE
     CLsurf  =   0.00000     CDsurf  =   0.00000
     Deflect =

 Strip Forces referred to Strip Area, Chord
    j      Yle    Chord     Area     c cl      ai      cl_norm  cl       cd       cdv    cm_c/4    cm_LE  C.P.x/c
   121   0.0000   1.0573   0.0140  -0.0000  -0.0000  -0.0000  -0.0000   0.0000   0.0000  -0.0000  -0.0000   -0.289
   122   0.0000   1.0509   0.0227   0.0000  -0.0000   0.0000   0.0000  -0.0000   0.0000   0.0000   0.0000   -0.232
   123   0.0000   1.0413   0.0311   0.0000  -0.0000   0.0000   0.0000   0.0000   0.0000   0.0000  -0.0000    0.038
   124   0.0000   1.0287   0.0389   0.0000  -0.0000   0.0000   0.0000  -0.0000   0.0000  -0.0000  -0.0000    0.336
   125   0.0000   1.0133   0.0461   0.0000  -0.0000   0.0000   0.0000   0.0000   0.0000   0.0000  -0.0000    0.071
   126   0.0000   0.9966   0.0440   0.0000  -0.0000   0.0000   0.0000  -0.0000   0.0000   0.0000  -0.0000    0.124
   127   0.0000   0.9792   0.0488   0.0000  -0.0000   0.0000   0.0000  -0.0000   0.0000   0.0000  -0.0000    0.162
   128   0.0000   0.9597   0.0527   0.0000  -0.0000   0.0000   0.0000  -0.0000   0.0000   0.0000  -0.0000    0.203
   129   0.0000   0.9385   0.0559   0.0000  -0.0000   0.0000   0.0000   0.0000   0.0000  -0.0000  -0.0000    0.331
   130   0.0000   0.9157   0.0582   0.0000   0.0000   0.0000   0.0000  -0.0000   0.0000  -0.0000  -0.0000    0.286
   131   0.0000   0.8915   0.0596   0.0000  -0.0000   0.0000   0.0000   0.0000   0.0000  -0.0000  -0.0000    0.288
   132   0.0000   0.8662   0.0602   0.0000  -0.0000   0.0000   0.0000   0.0000   0.0000  -0.0000  -0.0000    0.367
   133   0.0000   0.8401   0.0601   0.0000  -0.0000   0.0000   0.0000   0.0000   0.0000  -0.0000  -0.0000    0.271
   134   0.0000   0.8133   0.0592   0.0000   0.0000   0.0000   0.0000   0.0000   0.0000  -0.0000  -0.0000    0.496
   135   0.0000   0.7863   0.0576   0.0000   0.0000   0.0000   0.0000  -0.0000   0.0000  -0.0000  -0.0000    0.675
   136   0.0000   0.7592   0.0554   0.0000   0.0000   0.0000   0.0000  -0.0000   0.0000  -0.0000  -0.0000    1.531
   137   0.0000   0.7323   0.0527  -0.0000   0.0000  -0.0000  -0.0000   0.0000   0.0000  -0.0000  -0.0000
   138   0.0000   0.7060   0.0495  -0.0000  -0.0000  -0.0000  -0.0000  -0.0000   0.0000  -0.0000  -0.0000   -0.213
   139   0.0000   0.6804   0.0460  -0.0000   0.0000  -0.0000  -0.0000  -0.0000   0.0000  -0.0000   0.0000    0.053
   140   0.0000   0.6560   0.0422  -0.0000  -0.0000  -0.0000  -0.0000  -0.0000   0.0000  -0.0000   0.0000    0.164
   141   0.0000   0.6328   0.0383  -0.0000   0.0000  -0.0000  -0.0000  -0.0000   0.0000  -0.0000   0.0000    0.112
   142   0.0000   0.6112   0.0342  -0.0000  -0.0000  -0.0000  -0.0000  -0.0000   0.0000  -0.0000   0.0000    0.152
   143   0.0000   0.5914   0.0301  -0.0000  -0.0000  -0.0000  -0.0000  -0.0000   0.0000  -0.0000   0.0000    0.165
   144   0.0000   0.5736   0.0259  -0.0000  -0.0000  -0.0000  -0.0000   0.0000   0.0000  -0.0000   0.0000    0.161
   145   0.0000   0.5570   0.0246  -0.0000  -0.0000  -0.0000  -0.0000  -0.0000   0.0000  -0.0000   0.0000    0.216
   146   0.0000   0.5419   0.0200  -0.0000  -0.0000  -0.0000  -0.0000  -0.0000   0.0000  -0.0000   0.0000    0.153
   147   0.0000   0.5297   0.0154  -0.0000  -0.0000  -0.0000  -0.0000  -0.0000   0.0000  -0.0000   0.0000    0.137
   148   0.0000   0.5204   0.0109  -0.0000  -0.0000  -0.0000  -0.0000  -0.0000   0.0000  -0.0000   0.0000    0.084
   149   0.0000   0.5141   0.0065  -0.0000  -0.0000  -0.0000  -0.0000  -0.0000   0.0000  -0.0000   0.0000    0.105
   150   0.0000   0.5110   0.0022  -0.0000   0.0000  -0.0000  -0.0000  -0.0000   0.0000  -0.0000   0.0000    0.037
 ---------------------------------------------------------------
