 ---------------------------------------------------------------
 Surface and Strip Forces by surface

  Forces referred to Sref, Cref, Bref about Xref, Yref, Zref
 Standard axis orientation,  X fwd, Z down         

  Surface # 1     main_wing                               
     # Chordwise = 10   # Spanwise = 30     First strip =  1
     Surface area =    8.662745       Ave. chord =    1.689678
     CLsurf  =   0.21399     Clsurf  =  -0.04865
     CYsurf  =  -0.02724     Cmsurf  =  -0.06106
     CDsurf  =   0.00538     Cnsurf  =   0.00277
     CDisurf =   0.00538     CDvsurf =   0.00000

  Forces referred to Ssurf, Cave about hinge axis thru LE
     CLsurf  =   0.42774     CDsurf  =   0.01068
     Deflect =

 Strip Forces referred to Strip Area, Chord
    j      Yle    Chord     Area     c cl      ai      cl_norm  cl       cd       cdv    cm_c/4    cm_LE  C.P.x/c
     1   0.0034   2.1937   0.0299   0.6995  -0.0809   0.3188   0.3188  -0.0099   0.0000  -0.0589  -0.1385    0.435
     2   0.0304   2.1884   0.0891   0.6319  -0.0778   0.2888   0.2888  -0.0019   0.0000  -0.0534  -0.1254    0.435
     3   0.0840   2.1777   0.1468   0.6312  -0.0705   0.2898   0.2898  -0.0018   0.0000  -0.0546  -0.1268    0.438
     4   0.1638   2.1619   0.2017   0.6410  -0.0591   0.2965   0.2965  -0.0015   0.0000  -0.0583  -0.1323    0.447
     5   0.2688   2.1410   0.2531   0.6605  -0.0439   0.3085   0.3085  -0.0015   0.0000  -0.0651  -0.1420    0.461
     6   0.3979   2.1154   0.3000   0.6921  -0.0254   0.3272   0.3272   0.0006   0.0000  -0.0754  -0.1570    0.481
     7   0.5496   2.0852   0.3417   0.7348  -0.0036   0.3524   0.3524   0.0024   0.0000  -0.0894  -0.1773    0.504
     8   0.7223   2.0509   0.3776   0.7824   0.0216   0.3815   0.3815   0.0047   0.0000  -0.1057  -0.2008    0.527
     9   0.9142   2.0128   0.4073   0.8341   0.0508   0.4144   0.4144   0.0086   0.0000  -0.1239  -0.2272    0.549
    10   1.1285   1.9703   0.4526   0.8716   0.0630   0.4424   0.4424   0.0112   0.0000  -0.1379  -0.2482    0.562
    11   1.3637   1.9236   0.4694   0.8860   0.0561   0.4606   0.4606   0.0126   0.0000  -0.1451  -0.2599    0.565
    12   1.6118   1.8743   0.4793   0.8867   0.0527   0.4731   0.4731   0.0130   0.0000  -0.1493  -0.2672    0.566
    13   1.8700   1.8230   0.4823   0.8785   0.0539   0.4819   0.4819   0.0135   0.0000  -0.1517  -0.2718    0.565
    14   2.1357   1.7703   0.4789   0.8647   0.0581   0.4885   0.4885   0.0136   0.0000  -0.1532  -0.2750    0.564
    15   2.4057   1.7167   0.4695   0.8459   0.0595   0.4928   0.4927   0.0137   0.0000  -0.1541  -0.2769    0.563
    16   2.6723   1.6637   0.4384   0.8235   0.0581   0.4950   0.4950   0.0134   0.0000  -0.1546  -0.2780    0.562
    17   2.9325   1.6120   0.4201   0.7967   0.0565   0.4942   0.4942   0.0138   0.0000  -0.1546  -0.2777    0.563
    18   3.1884   1.5612   0.3979   0.7681   0.0556   0.4920   0.4920   0.0136   0.0000  -0.1545  -0.2771    0.564
    19   3.4372   1.5118   0.3724   0.7354   0.0556   0.4864   0.4864   0.0138   0.0000  -0.1540  -0.2752    0.567
    20   3.6775   1.4641   0.3480   0.6996   0.0565   0.4779   0.4779   0.0143   0.0000  -0.1531  -0.2722    0.570
    21   3.9066   1.4186   0.3174   0.6606   0.0586   0.4657   0.4657   0.0145   0.0000  -0.1517  -0.2677    0.576
    22   4.1206   1.3761   0.2853   0.6177   0.0618   0.4489   0.4489   0.0149   0.0000  -0.1495  -0.2614    0.583
    23   4.3172   1.3370   0.2522   0.5716   0.0664   0.4275   0.4275   0.0149   0.0000  -0.1464  -0.2529    0.592
    24   4.4942   1.3019   0.2186   0.5200   0.0725   0.3994   0.3994   0.0150   0.0000  -0.1414  -0.2409    0.604
    25   4.6536   1.2702   0.1944   0.4627   0.0804   0.3643   0.3643   0.0147   0.0000  -0.1340  -0.2247    0.618
    26   4.7929   1.2426   0.1585   0.3965   0.0902   0.3191   0.3191   0.0139   0.0000  -0.1225  -0.2020    0.634
    27   4.9062   1.2201   0.1229   0.3223   0.1016   0.2642   0.2642   0.0122   0.0000  -0.1059  -0.1718    0.651
    28   4.9923   1.2030   0.0875   0.2392   0.1139   0.1989   0.1989   0.0100   0.0000  -0.0832  -0.1327    0.668
    29   5.0502   1.1915   0.0524   0.1481   0.1262   0.1243   0.1243   0.0071   0.0000  -0.0538  -0.0848    0.683
    30   5.0794   1.1857   0.0174   0.0503   0.1349   0.0424   0.0424   0.0028   0.0000  -0.0187  -0.0293    0.692

  Surface # 2     main_wing (YDUP)                        
     # Chordwise = 10   # Spanwise = 30     First strip = 31
     Surface area =    8.662745       Ave. chord =    1.689678
     CLsurf  =   0.21399     Clsurf  =   0.04865
     CYsurf  =   0.02724     Cmsurf  =  -0.06106
     CDsurf  =   0.00538     Cnsurf  =  -0.00277
     CDisurf =   0.00538     CDvsurf =   0.00000

  Forces referred to Ssurf, Cave about hinge axis thru LE
     CLsurf  =   0.42774     CDsurf  =   0.01068
     Deflect =

 Strip Forces referred to Strip Area, Chord
    j      Yle    Chord     Area     c cl      ai      cl_norm  cl       cd       cdv    cm_c/4    cm_LE  C.P.x/c
    31  -0.0034   2.1937   0.0299   0.6995  -0.0809   0.3188   0.3188  -0.0099   0.0000  -0.0589   0.1385    0.435
    32  -0.0304   2.1884   0.0891   0.6319  -0.0778   0.2888   0.2888  -0.0019   0.0000  -0.0534   0.1254    0.435
    33  -0.0840   2.1777   0.1468   0.6312  -0.0705   0.2898   0.2898  -0.0018   0.0000  -0.0546   0.1268    0.438
    34  -0.1638   2.1619   0.2017   0.6410  -0.0591   0.2965   0.2965  -0.0015   0.0000  -0.0583   0.1323    0.447
    35  -0.2688   2.1410   0.2531   0.6605  -0.0439   0.3085   0.3085  -0.0015   0.0000  -0.0651   0.1420    0.461
    36  -0.3979   2.1154   0.3000   0.6921  -0.0254   0.3272   0.3272   0.0006   0.0000  -0.0754   0.1570    0.481
    37  -0.5496   2.0852   0.3417   0.7348  -0.0036   0.3524   0.3524   0.0024   0.0000  -0.0894   0.1773    0.504
    38  -0.7223   2.0509   0.3776   0.7824   0.0216   0.3815   0.3815   0.0047   0.0000  -0.1057   0.2008    0.527
    39  -0.9142   2.0128   0.4073   0.8341   0.0508   0.4144   0.4144   0.0086   0.0000  -0.1239   0.2272    0.549
    40  -1.1285   1.9703   0.4526   0.8716   0.0630   0.4424   0.4424   0.0112   0.0000  -0.1379   0.2482    0.562
    41  -1.3637   1.9236   0.4694   0.8860   0.0561   0.4606   0.4606   0.0126   0.0000  -0.1451   0.2599    0.565
    42  -1.6118   1.8743   0.4793   0.8867   0.0527   0.4731   0.4731   0.0130   0.0000  -0.1493   0.2672    0.566
    43  -1.8700   1.8230   0.4823   0.8785   0.0539   0.4819   0.4819   0.0135   0.0000  -0.1517   0.2718    0.565
    44  -2.1357   1.7703   0.4789   0.8647   0.0581   0.4885   0.4885   0.0136   0.0000  -0.1532   0.2750    0.564
    45  -2.4057   1.7167   0.4695   0.8459   0.0595   0.4928   0.4927   0.0137   0.0000  -0.1541   0.2769    0.563
    46  -2.6723   1.6637   0.4384   0.8235   0.0581   0.4950   0.4950   0.0134   0.0000  -0.1546   0.2780    0.562
    47  -2.9325   1.6120   0.4201   0.7967   0.0565   0.4942   0.4942   0.0138   0.0000  -0.1546   0.2777    0.563
    48  -3.1884   1.5612   0.3979   0.7681   0.0556   0.4920   0.4920   0.0136   0.0000  -0.1545   0.2771    0.564
    49  -3.4372   1.5118   0.3724   0.7354   0.0556   0.4864   0.4864   0.0138   0.0000  -0.1540   0.2752    0.567
    50  -3.6775   1.4641   0.3480   0.6996   0.0565   0.4779   0.4779   0.0143   0.0000  -0.1531   0.2722    0.570
    51  -3.9066   1.4186   0.3174   0.6606   0.0586   0.4657   0.4657   0.0145   0.0000  -0.1517   0.2677    0.576
    52  -4.1206   1.3761   0.2853   0.6177   0.0618   0.4489   0.4489   0.0149   0.0000  -0.1495   0.2614    0.583
    53  -4.3172   1.3370   0.2522   0.5716   0.0664   0.4275   0.4275   0.0149   0.0000  -0.1464   0.2529    0.592
    54  -4.4942   1.3019   0.2186   0.5200   0.0725   0.3994   0.3994   0.0150   0.0000  -0.1414   0.2409    0.604
    55  -4.6536   1.2702   0.1944   0.4627   0.0804   0.3643   0.3643   0.0147   0.0000  -0.1340   0.2247    0.618
    56  -4.7929   1.2426   0.1585   0.3965   0.0902   0.3191   0.3191   0.0139   0.0000  -0.1225   0.2020    0.634
    57  -4.9062   1.2201   0.1229   0.3223   0.1016   0.2642   0.2642   0.0122   0.0000  -0.1059   0.1718    0.651
    58  -4.9923   1.2030   0.0875   0.2392   0.1139   0.1989   0.1989   0.0100   0.0000  -0.0832   0.1327    0.668
    59  -5.0502   1.1915   0.0524   0.1481   0.1262   0.1243   0.1243   0.0071   0.0000  -0.0538   0.0848    0.683
    60  -5.0794   1.1857   0.0174   0.0503   0.1349   0.0424   0.0424   0.0028   0.0000  -0.0187   0.0293    0.692

  Surface # 3     horizontal_stabilizer                   
     # Chordwise = 10   # Spanwise = 30     First strip = 61
     Surface area =    2.000000       Ave. chord =    1.000000
     CLsurf  =  -0.01326     Clsurf  =   0.00125
     CYsurf  =   0.00003     Cmsurf  =   0.03526
     CDsurf  =  -0.00031     Cnsurf  =  -0.00005
     CDisurf =  -0.00031     CDvsurf =   0.00000

  Forces referred to Ssurf, Cave about hinge axis thru LE
     CLsurf  =  -0.11390     CDsurf  =  -0.00271
     Deflect =

 Strip Forces referred to Strip Area, Chord
    j      Yle    Chord     Area     c cl      ai      cl_norm  cl       cd       cdv    cm_c/4    cm_LE  C.P.x/c
    61   0.0014   1.1973   0.0069  -0.1108   0.0053  -0.0928  -0.0925   0.0014   0.0000   0.0002   0.0232    0.253
    62   0.0129   1.1951   0.0205  -0.1108   0.0054  -0.0930  -0.0927  -0.0010   0.0000   0.0002   0.0233    0.252
    63   0.0357   1.1906   0.0338  -0.1108   0.0055  -0.0934  -0.0931  -0.0012   0.0000   0.0002   0.0233    0.252
    64   0.0696   1.1839   0.0465  -0.1109   0.0057  -0.0940  -0.0937  -0.0013   0.0000   0.0001   0.0234    0.251
    65   0.1141   1.1751   0.0585  -0.1112   0.0059  -0.0949  -0.0946  -0.0014   0.0000  -0.0000   0.0235    0.250
    66   0.1689   1.1642   0.0695  -0.1116   0.0061  -0.0962  -0.0959  -0.0014   0.0000  -0.0001   0.0237    0.249
    67   0.2315   1.1519   0.0750  -0.1125   0.0064  -0.0979  -0.0976  -0.0015   0.0000  -0.0003   0.0240    0.247
    68   0.3008   1.1382   0.0833  -0.1136   0.0069  -0.1002  -0.0998  -0.0017   0.0000  -0.0005   0.0244    0.245
    69   0.3777   1.1230   0.0903  -0.1153   0.0074  -0.1030  -0.1026  -0.0017   0.0000  -0.0007   0.0248    0.243
    70   0.4614   1.1064   0.0960  -0.1173   0.0081  -0.1064  -0.1061  -0.0019   0.0000  -0.0010   0.0254    0.241
    71   0.5511   1.0887   0.1004  -0.1198   0.0088  -0.1104  -0.1100  -0.0020   0.0000  -0.0013   0.0261    0.238
    72   0.6456   1.0700   0.1034  -0.1225   0.0097  -0.1148  -0.1145  -0.0023   0.0000  -0.0016   0.0268    0.236
    73   0.7441   1.0506   0.1050  -0.1252   0.0105  -0.1196  -0.1192  -0.0027   0.0000  -0.0020   0.0276    0.233
    74   0.8453   1.0306   0.1054  -0.1277   0.0113  -0.1243  -0.1239  -0.0029   0.0000  -0.0025   0.0284    0.230
    75   0.9482   1.0102   0.1044  -0.1297   0.0120  -0.1288  -0.1284  -0.0032   0.0000  -0.0029   0.0290    0.227
    76   1.0518   0.9898   0.1023  -0.1310   0.0125  -0.1327  -0.1323  -0.0035   0.0000  -0.0034   0.0296    0.225
    77   1.1547   0.9694   0.0991  -0.1312   0.0128  -0.1357  -0.1353  -0.0037   0.0000  -0.0038   0.0299    0.222
    78   1.2559   0.9494   0.0949  -0.1301   0.0129  -0.1375  -0.1371  -0.0039   0.0000  -0.0043   0.0298    0.219
    79   1.3544   0.9300   0.0899  -0.1277   0.0126  -0.1377  -0.1373  -0.0041   0.0000  -0.0047   0.0295    0.216
    80   1.4489   0.9113   0.0840  -0.1238   0.0122  -0.1362  -0.1358  -0.0042   0.0000  -0.0052   0.0286    0.212
    81   1.5386   0.8936   0.0776  -0.1183   0.0117  -0.1328  -0.1324  -0.0040   0.0000  -0.0056   0.0274    0.208
    82   1.6223   0.8770   0.0705  -0.1114   0.0110  -0.1274  -0.1270  -0.0039   0.0000  -0.0060   0.0256    0.203
    83   1.6992   0.8618   0.0631  -0.1029   0.0102  -0.1198  -0.1194  -0.0037   0.0000  -0.0063   0.0234    0.197
    84   1.7685   0.8481   0.0552  -0.0931   0.0094  -0.1101  -0.1098  -0.0034   0.0000  -0.0065   0.0208    0.191
    85   1.8311   0.8358   0.0499  -0.0818   0.0086  -0.0982  -0.0978  -0.0030   0.0000  -0.0065   0.0179    0.184
    86   1.8859   0.8249   0.0411  -0.0689   0.0079  -0.0838  -0.0835  -0.0024   0.0000  -0.0062   0.0146    0.176
    87   1.9304   0.8161   0.0321  -0.0549   0.0072  -0.0674  -0.0672  -0.0020   0.0000  -0.0055   0.0112    0.168
    88   1.9643   0.8094   0.0230  -0.0399   0.0066  -0.0494  -0.0493  -0.0014   0.0000  -0.0044   0.0079    0.161
    89   1.9871   0.8049   0.0138  -0.0242   0.0062  -0.0302  -0.0301  -0.0008   0.0000  -0.0029   0.0046    0.155
    90   1.9986   0.8027   0.0046  -0.0081   0.0059  -0.0101  -0.0101  -0.0003   0.0000  -0.0010   0.0015    0.151

  Surface # 4     horizontal_stabilizer (YDUP)            
     # Chordwise = 10   # Spanwise = 30     First strip = 91
     Surface area =    2.000000       Ave. chord =    1.000000
     CLsurf  =  -0.01326     Clsurf  =  -0.00125
     CYsurf  =  -0.00003     Cmsurf  =   0.03526
     CDsurf  =  -0.00031     Cnsurf  =   0.00005
     CDisurf =  -0.00031     CDvsurf =   0.00000

  Forces referred to Ssurf, Cave about hinge axis thru LE
     CLsurf  =  -0.11390     CDsurf  =  -0.00271
     Deflect =

 Strip Forces referred to Strip Area, Chord
    j      Yle    Chord     Area     c cl      ai      cl_norm  cl       cd       cdv    cm_c/4    cm_LE  C.P.x/c
    91  -0.0014   1.1973   0.0069  -0.1108   0.0053  -0.0928  -0.0925   0.0014   0.0000   0.0002  -0.0232    0.253
    92  -0.0129   1.1951   0.0205  -0.1108   0.0054  -0.0930  -0.0927  -0.0010   0.0000   0.0002  -0.0233    0.252
    93  -0.0357   1.1906   0.0338  -0.1108   0.0055  -0.0934  -0.0931  -0.0012   0.0000   0.0002  -0.0233    0.252
    94  -0.0696   1.1839   0.0465  -0.1109   0.0057  -0.0940  -0.0937  -0.0013   0.0000   0.0001  -0.0234    0.251
    95  -0.1141   1.1751   0.0585  -0.1112   0.0059  -0.0949  -0.0946  -0.0014   0.0000  -0.0000  -0.0235    0.250
    96  -0.1689   1.1642   0.0695  -0.1116   0.0061  -0.0962  -0.0959  -0.0014   0.0000  -0.0001  -0.0237    0.249
    97  -0.2315   1.1519   0.0750  -0.1125   0.0064  -0.0979  -0.0976  -0.0015   0.0000  -0.0003  -0.0240    0.247
    98  -0.3008   1.1382   0.0833  -0.1136   0.0069  -0.1002  -0.0998  -0.0017   0.0000  -0.0005  -0.0244    0.245
    99  -0.3777   1.1230   0.0903  -0.1153   0.0074  -0.1030  -0.1026  -0.0017   0.0000  -0.0007  -0.0248    0.243
   100  -0.4614   1.1064   0.0960  -0.1173   0.0081  -0.1064  -0.1061  -0.0019   0.0000  -0.0010  -0.0254    0.241
   101  -0.5511   1.0887   0.1004  -0.1198   0.0088  -0.1104  -0.1100  -0.0020   0.0000  -0.0013  -0.0261    0.238
   102  -0.6456   1.0700   0.1034  -0.1225   0.0097  -0.1148  -0.1145  -0.0023   0.0000  -0.0016  -0.0268    0.236
   103  -0.7441   1.0506   0.1050  -0.1252   0.0105  -0.1196  -0.1192  -0.0027   0.0000  -0.0020  -0.0276    0.233
   104  -0.8453   1.0306   0.1054  -0.1277   0.0113  -0.1243  -0.1239  -0.0029   0.0000  -0.0025  -0.0284    0.230
   105  -0.9482   1.0102   0.1044  -0.1297   0.0120  -0.1288  -0.1284  -0.0032   0.0000  -0.0029  -0.0290    0.227
   106  -1.0518   0.9898   0.1023  -0.1310   0.0125  -0.1327  -0.1323  -0.0035   0.0000  -0.0034  -0.0296    0.225
   107  -1.1547   0.9694   0.0991  -0.1312   0.0128  -0.1357  -0.1353  -0.0037   0.0000  -0.0038  -0.0299    0.222
   108  -1.2559   0.9494   0.0949  -0.1301   0.0129  -0.1375  -0.1371  -0.0039   0.0000  -0.0043  -0.0298    0.219
   109  -1.3544   0.9300   0.0899  -0.1277   0.0126  -0.1377  -0.1373  -0.0041   0.0000  -0.0047  -0.0295    0.216
   110  -1.4489   0.9113   0.0840  -0.1238   0.0122  -0.1362  -0.1358  -0.0042   0.0000  -0.0052  -0.0286    0.212
   111  -1.5386   0.8936   0.0776  -0.1183   0.0117  -0.1328  -0.1324  -0.0040   0.0000  -0.0056  -0.0274    0.208
   112  -1.6223   0.8770   0.0705  -0.1114   0.0110  -0.1274  -0.1270  -0.0039   0.0000  -0.0060  -0.0256    0.203
   113  -1.6992   0.8618   0.0631  -0.1029   0.0102  -0.1198  -0.1194  -0.0037   0.0000  -0.0063  -0.0234    0.197
   114  -1.7685   0.8481   0.0552  -0.0931   0.0094  -0.1101  -0.1098  -0.0034   0.0000  -0.0065  -0.0208    0.191
   115  -1.8311   0.8358   0.0499  -0.0818   0.0086  -0.0982  -0.0978  -0.0030   0.0000  -0.0065  -0.0179    0.184
   116  -1.8859   0.8249   0.0411  -0.0689   0.0079  -0.0838  -0.0835  -0.0024   0.0000  -0.0062  -0.0146    0.176
   117  -1.9304   0.8161   0.0321  -0.0549   0.0072  -0.0674  -0.0672  -0.0020   0.0000  -0.0055  -0.0112    0.168
   118  -1.9643   0.8094   0.0230  -0.0399   0.0066  -0.0494  -0.0493  -0.0014   0.0000  -0.0044  -0.0079    0.161
   119  -1.9871   0.8049   0.0138  -0.0242   0.0062  -0.0302  -0.0301  -0.0008   0.0000  -0.0029  -0.0046    0.155
   120  -1.9986   0.8027   0.0046  -0.0081   0.0059  -0.0101  -0.0101  -0.0003   0.0000  -0.0010  -0.0015    0.151

  Surface # 5     vertical_stabilizer                     
     # Chordwise = 10   # Spanwise = 30     First strip =121
     Surface area =    1.162981       Ave. chord =    0.785002
     CLsurf  =   0.00000     Clsurf  =   0.00000
     CYsurf  =   0.00000     Cmsurf  =  -0.00000
     CDsurf  =  -0.00000     Cnsurf  =  -0.00000
     CDisurf =  -0.00000     CDvsurf =   0.00000

  Forces referred to Ssurf, Cave about hinge axis thru LE
     CLsurf  =  -0.00000     CDsurf  =  -0.00000
     Deflect =

 Strip Forces referred to Strip Area, Chord
    j      Yle    Chord     Area     c cl      ai      cl_norm  cl       cd       cdv    cm_c/4    cm_LE  C.P.x/c
   121   0.0000   1.0573   0.0140  -0.0000  -0.0000  -0.0000  -0.0000  -0.0000   0.0000  -0.0000   0.0000    0.218
   122   0.0000   1.0509   0.0227  -0.0000  -0.0000  -0.0000  -0.0000   0.0000   0.0000  -0.0000   0.0000    0.182
   123   0.0000   1.0413   0.0311  -0.0000  -0.0000  -0.0000  -0.0000   0.0000   0.0000  -0.0000   0.0000    0.143
   124   0.0000   1.0287   0.0389  -0.0000  -0.0000  -0.0000  -0.0000  -0.0000   0.0000  -0.0000   0.0000    0.187
   125   0.0000   1.0133   0.0461  -0.0000  -0.0000  -0.0000  -0.0000   0.0000   0.0000  -0.0000   0.0000    0.190
   126   0.0000   0.9966   0.0440  -0.0000  -0.0000  -0.0000  -0.0000   0.0000   0.0000  -0.0000   0.0000    0.141
   127   0.0000   0.9792   0.0488  -0.0000  -0.0000  -0.0000  -0.0000  -0.0000   0.0000  -0.0000   0.0000    0.166
   128   0.0000   0.9597   0.0527  -0.0000   0.0000  -0.0000  -0.0000  -0.0000   0.0000  -0.0000   0.0000    0.108
   129   0.0000   0.9385   0.0559  -0.0000  -0.0000  -0.0000  -0.0000  -0.0000   0.0000  -0.0000   0.0000    0.111
   130   0.0000   0.9157   0.0582  -0.0000  -0.0000  -0.0000  -0.0000   0.0000   0.0000  -0.0000   0.0000    0.136
   131   0.0000   0.8915   0.0596  -0.0000   0.0000  -0.0000  -0.0000  -0.0000   0.0000  -0.0000   0.0000    0.146
   132   0.0000   0.8662   0.0602  -0.0000  -0.0000  -0.0000  -0.0000  -0.0000   0.0000  -0.0000   0.0000    0.182
   133   0.0000   0.8401   0.0601  -0.0000  -0.0000  -0.0000  -0.0000  -0.0000   0.0000  -0.0000   0.0000    0.205
   134   0.0000   0.8133   0.0592  -0.0000  -0.0000  -0.0000  -0.0000  -0.0000   0.0000  -0.0000   0.0000    0.199
   135   0.0000   0.7863   0.0576  -0.0000   0.0000  -0.0000  -0.0000   0.0000   0.0000  -0.0000   0.0000    0.200
   136   0.0000   0.7592   0.0554  -0.0000   0.0000  -0.0000  -0.0000  -0.0000   0.0000  -0.0000   0.0000    0.175
   137   0.0000   0.7323   0.0527  -0.0000  -0.0000  -0.0000  -0.0000  -0.0000   0.0000  -0.0000   0.0000    0.162
   138   0.0000   0.7060   0.0495  -0.0000  -0.0000  -0.0000  -0.0000  -0.0000   0.0000  -0.0000   0.0000    0.175
   139   0.0000   0.6804   0.0460  -0.0000  -0.0000  -0.0000  -0.0000  -0.0000   0.0000  -0.0000   0.0000    0.181
   140   0.0000   0.6560   0.0422  -0.0000   0.0000  -0.0000  -0.0000  -0.0000   0.0000  -0.0000   0.0000    0.177
   141   0.0000   0.6328   0.0383  -0.0000  -0.0000  -0.0000  -0.0000   0.0000   0.0000  -0.0000   0.0000    0.177
   142   0.0000   0.6112   0.0342  -0.0000   0.0000  -0.0000  -0.0000  -0.0000   0.0000  -0.0000   0.0000    0.168
   143   0.0000   0.5914   0.0301  -0.0000   0.0000  -0.0000  -0.0000  -0.0000   0.0000  -0.0000   0.0000    0.172
   144   0.0000   0.5736   0.0259  -0.0000   0.0000  -0.0000  -0.0000  -0.0000   0.0000  -0.0000   0.0000    0.189
   145   0.0000   0.5570   0.0246  -0.0000  -0.0000  -0.0000  -0.0000  -0.0000   0.0000  -0.0000   0.0000    0.153
   146   0.0000   0.5419   0.0200  -0.0000   0.0000  -0.0000  -0.0000  -0.0000   0.0000  -0.0000   0.0000    0.155
   147   0.0000   0.5297   0.0154  -0.0000  -0.0000  -0.0000  -0.0000  -0.0000   0.0000  -0.0000   0.0000    0.153
   148   0.0000   0.5204   0.0109  -0.0000   0.0000  -0.0000  -0.0000  -0.0000   0.0000  -0.0000   0.0000    0.139
   149   0.0000   0.5141   0.0065  -0.0000  -0.0000  -0.0000  -0.0000  -0.0000   0.0000  -0.0000   0.0000    0.115
   150   0.0000   0.5110   0.0022  -0.0000  -0.0000  -0.0000  -0.0000  -0.0000   0.0000  -0.0000   0.0000    0.123
 ---------------------------------------------------------------
