 ---------------------------------------------------------------
 Surface and Strip Forces by surface

  Forces referred to Sref, Cref, Bref about Xref, Yref, Zref
 Standard axis orientation,  X fwd, Z down         

  Surface # 1     main_wing                               
     # Chordwise = 10   # Spanwise = 30     First strip =  1
     Surface area =    8.662745       Ave. chord =    1.689678
     CLsurf  =   0.13832     Clsurf  =  -0.03272
     CYsurf  =  -0.01708     Cmsurf  =  -0.06374
     CDsurf  =   0.00256     Cnsurf  =   0.00321
     CDisurf =   0.00256     CDvsurf =   0.00000

  Forces referred to Ssurf, Cave about hinge axis thru LE
     CLsurf  =   0.27634     CDsurf  =   0.00507
     Deflect =

 Strip Forces referred to Strip Area, Chord
    j      Yle    Chord     Area     c cl      ai      cl_norm  cl       cd       cdv    cm_c/4    cm_LE  C.P.x/c
     1   0.0034   2.1937   0.0299   0.3271  -0.1069   0.1488   0.1488  -0.0113   0.0000  -0.0580  -0.0951    0.640
     2   0.0304   2.1884   0.0891   0.2971  -0.1036   0.1357   0.1357  -0.0055   0.0000  -0.0547  -0.0885    0.653
     3   0.0840   2.1777   0.1468   0.2992  -0.0960   0.1373   0.1373  -0.0049   0.0000  -0.0561  -0.0903    0.658
     4   0.1638   2.1619   0.2017   0.3099  -0.0843   0.1433   0.1433  -0.0044   0.0000  -0.0599  -0.0956    0.668
     5   0.2688   2.1410   0.2531   0.3302  -0.0689   0.1542   0.1542  -0.0039   0.0000  -0.0666  -0.1050    0.682
     6   0.3979   2.1154   0.3000   0.3630  -0.0500   0.1716   0.1716  -0.0027   0.0000  -0.0770  -0.1197    0.699
     7   0.5496   2.0852   0.3417   0.4070  -0.0278   0.1952   0.1952  -0.0015   0.0000  -0.0908  -0.1394    0.715
     8   0.7223   2.0509   0.3776   0.4583  -0.0022   0.2236   0.2236   0.0009   0.0000  -0.1074  -0.1630    0.730
     9   0.9142   2.0128   0.4073   0.5138   0.0276   0.2556   0.2556   0.0045   0.0000  -0.1256  -0.1891    0.742
    10   1.1285   1.9703   0.4526   0.5545   0.0405   0.2819   0.2819   0.0068   0.0000  -0.1396  -0.2097    0.745
    11   1.3637   1.9236   0.4694   0.5739   0.0348   0.2988   0.2988   0.0070   0.0000  -0.1469  -0.2212    0.742
    12   1.6118   1.8743   0.4793   0.5812   0.0334   0.3105   0.3105   0.0069   0.0000  -0.1511  -0.2283    0.737
    13   1.8700   1.8230   0.4823   0.5804   0.0380   0.3188   0.3188   0.0071   0.0000  -0.1537  -0.2329    0.732
    14   2.1357   1.7703   0.4789   0.5744   0.0461   0.3249   0.3249   0.0072   0.0000  -0.1552  -0.2360    0.728
    15   2.4057   1.7167   0.4695   0.5646   0.0493   0.3293   0.3293   0.0071   0.0000  -0.1562  -0.2381    0.724
    16   2.6723   1.6637   0.4384   0.5515   0.0479   0.3319   0.3319   0.0069   0.0000  -0.1567  -0.2392    0.722
    17   2.9325   1.6120   0.4201   0.5353   0.0456   0.3325   0.3325   0.0071   0.0000  -0.1569  -0.2395    0.722
    18   3.1884   1.5612   0.3979   0.5177   0.0440   0.3320   0.3320   0.0070   0.0000  -0.1568  -0.2394    0.722
    19   3.4372   1.5118   0.3724   0.4972   0.0431   0.3293   0.3293   0.0070   0.0000  -0.1565  -0.2384    0.725
    20   3.6775   1.4641   0.3480   0.4747   0.0432   0.3247   0.3247   0.0073   0.0000  -0.1559  -0.2366    0.730
    21   3.9066   1.4186   0.3174   0.4497   0.0442   0.3175   0.3175   0.0076   0.0000  -0.1547  -0.2336    0.737
    22   4.1206   1.3761   0.2853   0.4224   0.0464   0.3074   0.3074   0.0078   0.0000  -0.1529  -0.2293    0.747
    23   4.3172   1.3370   0.2522   0.3929   0.0498   0.2943   0.2943   0.0077   0.0000  -0.1500  -0.2232    0.760
    24   4.4942   1.3019   0.2186   0.3597   0.0547   0.2767   0.2767   0.0079   0.0000  -0.1454  -0.2142    0.776
    25   4.6536   1.2702   0.1944   0.3225   0.0612   0.2543   0.2543   0.0078   0.0000  -0.1383  -0.2014    0.794
    26   4.7929   1.2426   0.1585   0.2785   0.0697   0.2246   0.2246   0.0074   0.0000  -0.1269  -0.1827    0.815
    27   4.9062   1.2201   0.1229   0.2283   0.0798   0.1875   0.1875   0.0068   0.0000  -0.1102  -0.1567    0.838
    28   4.9923   1.2030   0.0875   0.1708   0.0911   0.1423   0.1423   0.0060   0.0000  -0.0868  -0.1221    0.860
    29   5.0502   1.1915   0.0524   0.1064   0.1024   0.0895   0.0895   0.0048   0.0000  -0.0563  -0.0785    0.878
    30   5.0794   1.1857   0.0174   0.0363   0.1106   0.0307   0.0307   0.0020   0.0000  -0.0196  -0.0272    0.889

  Surface # 2     main_wing (YDUP)                        
     # Chordwise = 10   # Spanwise = 30     First strip = 31
     Surface area =    8.662745       Ave. chord =    1.689678
     CLsurf  =   0.13832     Clsurf  =   0.03272
     CYsurf  =   0.01708     Cmsurf  =  -0.06374
     CDsurf  =   0.00256     Cnsurf  =  -0.00321
     CDisurf =   0.00256     CDvsurf =   0.00000

  Forces referred to Ssurf, Cave about hinge axis thru LE
     CLsurf  =   0.27634     CDsurf  =   0.00507
     Deflect =

 Strip Forces referred to Strip Area, Chord
    j      Yle    Chord     Area     c cl      ai      cl_norm  cl       cd       cdv    cm_c/4    cm_LE  C.P.x/c
    31  -0.0034   2.1937   0.0299   0.3271  -0.1069   0.1488   0.1488  -0.0113   0.0000  -0.0580   0.0951    0.640
    32  -0.0304   2.1884   0.0891   0.2971  -0.1036   0.1357   0.1357  -0.0055   0.0000  -0.0547   0.0885    0.653
    33  -0.0840   2.1777   0.1468   0.2992  -0.0960   0.1373   0.1373  -0.0049   0.0000  -0.0561   0.0903    0.658
    34  -0.1638   2.1619   0.2017   0.3099  -0.0843   0.1433   0.1433  -0.0044   0.0000  -0.0599   0.0956    0.668
    35  -0.2688   2.1410   0.2531   0.3302  -0.0689   0.1542   0.1542  -0.0039   0.0000  -0.0666   0.1050    0.682
    36  -0.3979   2.1154   0.3000   0.3630  -0.0500   0.1716   0.1716  -0.0027   0.0000  -0.0770   0.1197    0.699
    37  -0.5496   2.0852   0.3417   0.4070  -0.0278   0.1952   0.1952  -0.0015   0.0000  -0.0908   0.1394    0.715
    38  -0.7223   2.0509   0.3776   0.4583  -0.0022   0.2236   0.2236   0.0009   0.0000  -0.1074   0.1630    0.730
    39  -0.9142   2.0128   0.4073   0.5138   0.0276   0.2556   0.2556   0.0045   0.0000  -0.1256   0.1891    0.742
    40  -1.1285   1.9703   0.4526   0.5545   0.0405   0.2819   0.2819   0.0068   0.0000  -0.1396   0.2097    0.745
    41  -1.3637   1.9236   0.4694   0.5739   0.0348   0.2988   0.2988   0.0070   0.0000  -0.1469   0.2212    0.742
    42  -1.6118   1.8743   0.4793   0.5812   0.0334   0.3105   0.3105   0.0069   0.0000  -0.1511   0.2283    0.737
    43  -1.8700   1.8230   0.4823   0.5804   0.0380   0.3188   0.3188   0.0071   0.0000  -0.1537   0.2329    0.732
    44  -2.1357   1.7703   0.4789   0.5744   0.0461   0.3249   0.3249   0.0072   0.0000  -0.1552   0.2360    0.728
    45  -2.4057   1.7167   0.4695   0.5646   0.0493   0.3293   0.3293   0.0071   0.0000  -0.1562   0.2381    0.724
    46  -2.6723   1.6637   0.4384   0.5515   0.0479   0.3319   0.3319   0.0069   0.0000  -0.1567   0.2392    0.722
    47  -2.9325   1.6120   0.4201   0.5353   0.0456   0.3325   0.3325   0.0071   0.0000  -0.1569   0.2395    0.722
    48  -3.1884   1.5612   0.3979   0.5177   0.0440   0.3320   0.3320   0.0070   0.0000  -0.1568   0.2394    0.722
    49  -3.4372   1.5118   0.3724   0.4972   0.0431   0.3293   0.3293   0.0070   0.0000  -0.1565   0.2384    0.725
    50  -3.6775   1.4641   0.3480   0.4747   0.0432   0.3247   0.3247   0.0073   0.0000  -0.1559   0.2366    0.730
    51  -3.9066   1.4186   0.3174   0.4497   0.0442   0.3175   0.3175   0.0076   0.0000  -0.1547   0.2336    0.737
    52  -4.1206   1.3761   0.2853   0.4224   0.0464   0.3074   0.3074   0.0078   0.0000  -0.1529   0.2293    0.747
    53  -4.3172   1.3370   0.2522   0.3929   0.0498   0.2943   0.2943   0.0077   0.0000  -0.1500   0.2232    0.760
    54  -4.4942   1.3019   0.2186   0.3597   0.0547   0.2767   0.2767   0.0079   0.0000  -0.1454   0.2142    0.776
    55  -4.6536   1.2702   0.1944   0.3225   0.0612   0.2543   0.2543   0.0078   0.0000  -0.1383   0.2014    0.794
    56  -4.7929   1.2426   0.1585   0.2785   0.0697   0.2246   0.2246   0.0074   0.0000  -0.1269   0.1827    0.815
    57  -4.9062   1.2201   0.1229   0.2283   0.0798   0.1875   0.1875   0.0068   0.0000  -0.1102   0.1567    0.838
    58  -4.9923   1.2030   0.0875   0.1708   0.0911   0.1423   0.1423   0.0060   0.0000  -0.0868   0.1221    0.860
    59  -5.0502   1.1915   0.0524   0.1064   0.1024   0.0895   0.0895   0.0048   0.0000  -0.0563   0.0785    0.878
    60  -5.0794   1.1857   0.0174   0.0363   0.1106   0.0307   0.0307   0.0020   0.0000  -0.0196   0.0272    0.889

  Surface # 3     horizontal_stabilizer                   
     # Chordwise = 10   # Spanwise = 30     First strip = 61
     Surface area =    2.000000       Ave. chord =    1.000000
     CLsurf  =  -0.02206     Clsurf  =   0.00198
     CYsurf  =  -0.00004     Cmsurf  =   0.05858
     CDsurf  =  -0.00005     Cnsurf  =  -0.00006
     CDisurf =  -0.00005     CDvsurf =   0.00000

  Forces referred to Ssurf, Cave about hinge axis thru LE
     CLsurf  =  -0.18948     CDsurf  =  -0.00043
     Deflect =

 Strip Forces referred to Strip Area, Chord
    j      Yle    Chord     Area     c cl      ai      cl_norm  cl       cd       cdv    cm_c/4    cm_LE  C.P.x/c
    61   0.0014   1.1973   0.0069  -0.2064  -0.0219  -0.1726  -0.1721   0.0110   0.0000   0.0000   0.0429    0.250
    62   0.0129   1.1951   0.0205  -0.2063  -0.0218  -0.1732  -0.1727   0.0023   0.0000  -0.0000   0.0429    0.250
    63   0.0357   1.1906   0.0338  -0.2063  -0.0215  -0.1739  -0.1733   0.0017   0.0000  -0.0001   0.0430    0.249
    64   0.0696   1.1839   0.0465  -0.2063  -0.0213  -0.1749  -0.1743   0.0014   0.0000  -0.0002   0.0431    0.249
    65   0.1141   1.1751   0.0585  -0.2064  -0.0210  -0.1763  -0.1757   0.0013   0.0000  -0.0004   0.0433    0.248
    66   0.1689   1.1642   0.0695  -0.2066  -0.0206  -0.1781  -0.1776   0.0012   0.0000  -0.0006   0.0435    0.247
    67   0.2315   1.1519   0.0750  -0.2070  -0.0202  -0.1804  -0.1798   0.0011   0.0000  -0.0008   0.0439    0.245
    68   0.3008   1.1382   0.0833  -0.2077  -0.0196  -0.1831  -0.1825   0.0010   0.0000  -0.0011   0.0443    0.244
    69   0.3777   1.1230   0.0903  -0.2086  -0.0189  -0.1864  -0.1858   0.0007   0.0000  -0.0014   0.0448    0.243
    70   0.4614   1.1064   0.0960  -0.2097  -0.0181  -0.1902  -0.1896   0.0006   0.0000  -0.0017   0.0455    0.241
    71   0.5511   1.0887   0.1004  -0.2109  -0.0172  -0.1945  -0.1938   0.0006   0.0000  -0.0020   0.0461    0.240
    72   0.6456   1.0700   0.1034  -0.2122  -0.0163  -0.1990  -0.1984   0.0001   0.0000  -0.0024   0.0469    0.238
    73   0.7441   1.0506   0.1050  -0.2132  -0.0154  -0.2037  -0.2031  -0.0007   0.0000  -0.0029   0.0476    0.236
    74   0.8453   1.0306   0.1054  -0.2137  -0.0145  -0.2082  -0.2075  -0.0011   0.0000  -0.0034   0.0482    0.234
    75   0.9482   1.0102   0.1044  -0.2134  -0.0138  -0.2121  -0.2114  -0.0008   0.0000  -0.0039   0.0486    0.232
    76   1.0518   0.9898   0.1023  -0.2121  -0.0133  -0.2151  -0.2144  -0.0010   0.0000  -0.0045   0.0488    0.229
    77   1.1547   0.9694   0.0991  -0.2093  -0.0131  -0.2168  -0.2161  -0.0014   0.0000  -0.0050   0.0487    0.227
    78   1.2559   0.9494   0.0949  -0.2050  -0.0133  -0.2168  -0.2161  -0.0017   0.0000  -0.0056   0.0481    0.224
    79   1.3544   0.9300   0.0899  -0.1989  -0.0137  -0.2148  -0.2141  -0.0019   0.0000  -0.0062   0.0470    0.221
    80   1.4489   0.9113   0.0840  -0.1910  -0.0144  -0.2105  -0.2098  -0.0020   0.0000  -0.0068   0.0453    0.217
    81   1.5386   0.8936   0.0776  -0.1812  -0.0153  -0.2036  -0.2029  -0.0019   0.0000  -0.0074   0.0430    0.213
    82   1.6223   0.8770   0.0705  -0.1694  -0.0164  -0.1939  -0.1933  -0.0019   0.0000  -0.0080   0.0400    0.208
    83   1.6992   0.8618   0.0631  -0.1557  -0.0175  -0.1814  -0.1808  -0.0018   0.0000  -0.0085   0.0365    0.203
    84   1.7685   0.8481   0.0552  -0.1402  -0.0187  -0.1660  -0.1654  -0.0015   0.0000  -0.0088   0.0323    0.197
    85   1.8311   0.8358   0.0499  -0.1227  -0.0199  -0.1474  -0.1469  -0.0013   0.0000  -0.0089   0.0277    0.190
    86   1.8859   0.8249   0.0411  -0.1031  -0.0211  -0.1254  -0.1250  -0.0007   0.0000  -0.0085   0.0226    0.182
    87   1.9304   0.8161   0.0321  -0.0819  -0.0221  -0.1007  -0.1004  -0.0006   0.0000  -0.0076   0.0174    0.174
    88   1.9643   0.8094   0.0230  -0.0594  -0.0230  -0.0737  -0.0735  -0.0003   0.0000  -0.0061   0.0122    0.167
    89   1.9871   0.8049   0.0138  -0.0361  -0.0237  -0.0450  -0.0448  -0.0001   0.0000  -0.0040   0.0072    0.162
    90   1.9986   0.8027   0.0046  -0.0121  -0.0240  -0.0151  -0.0151  -0.0001   0.0000  -0.0014   0.0024    0.159

  Surface # 4     horizontal_stabilizer (YDUP)            
     # Chordwise = 10   # Spanwise = 30     First strip = 91
     Surface area =    2.000000       Ave. chord =    1.000000
     CLsurf  =  -0.02206     Clsurf  =  -0.00198
     CYsurf  =   0.00004     Cmsurf  =   0.05858
     CDsurf  =  -0.00005     Cnsurf  =   0.00006
     CDisurf =  -0.00005     CDvsurf =   0.00000

  Forces referred to Ssurf, Cave about hinge axis thru LE
     CLsurf  =  -0.18948     CDsurf  =  -0.00043
     Deflect =

 Strip Forces referred to Strip Area, Chord
    j      Yle    Chord     Area     c cl      ai      cl_norm  cl       cd       cdv    cm_c/4    cm_LE  C.P.x/c
    91  -0.0014   1.1973   0.0069  -0.2064  -0.0219  -0.1726  -0.1721   0.0110   0.0000   0.0000  -0.0429    0.250
    92  -0.0129   1.1951   0.0205  -0.2063  -0.0218  -0.1732  -0.1727   0.0023   0.0000  -0.0000  -0.0429    0.250
    93  -0.0357   1.1906   0.0338  -0.2063  -0.0215  -0.1739  -0.1733   0.0017   0.0000  -0.0001  -0.0430    0.249
    94  -0.0696   1.1839   0.0465  -0.2063  -0.0213  -0.1749  -0.1743   0.0014   0.0000  -0.0002  -0.0431    0.249
    95  -0.1141   1.1751   0.0585  -0.2064  -0.0210  -0.1763  -0.1757   0.0013   0.0000  -0.0004  -0.0433    0.248
    96  -0.1689   1.1642   0.0695  -0.2066  -0.0206  -0.1781  -0.1776   0.0012   0.0000  -0.0006  -0.0435    0.247
    97  -0.2315   1.1519   0.0750  -0.2070  -0.0202  -0.1804  -0.1798   0.0011   0.0000  -0.0008  -0.0439    0.245
    98  -0.3008   1.1382   0.0833  -0.2077  -0.0196  -0.1831  -0.1825   0.0010   0.0000  -0.0011  -0.0443    0.244
    99  -0.3777   1.1230   0.0903  -0.2086  -0.0189  -0.1864  -0.1858   0.0007   0.0000  -0.0014  -0.0448    0.243
   100  -0.4614   1.1064   0.0960  -0.2097  -0.0181  -0.1902  -0.1896   0.0006   0.0000  -0.0017  -0.0455    0.241
   101  -0.5511   1.0887   0.1004  -0.2109  -0.0172  -0.1945  -0.1938   0.0006   0.0000  -0.0020  -0.0461    0.240
   102  -0.6456   1.0700   0.1034  -0.2122  -0.0163  -0.1990  -0.1984   0.0001   0.0000  -0.0024  -0.0469    0.238
   103  -0.7441   1.0506   0.1050  -0.2132  -0.0154  -0.2037  -0.2031  -0.0007   0.0000  -0.0029  -0.0476    0.236
   104  -0.8453   1.0306   0.1054  -0.2137  -0.0145  -0.2082  -0.2075  -0.0011   0.0000  -0.0034  -0.0482    0.234
   105  -0.9482   1.0102   0.1044  -0.2134  -0.0138  -0.2121  -0.2114  -0.0008   0.0000  -0.0039  -0.0486    0.232
   106  -1.0518   0.9898   0.1023  -0.2121  -0.0133  -0.2151  -0.2144  -0.0010   0.0000  -0.0045  -0.0488    0.229
   107  -1.1547   0.9694   0.0991  -0.2093  -0.0131  -0.2168  -0.2161  -0.0014   0.0000  -0.0050  -0.0487    0.227
   108  -1.2559   0.9494   0.0949  -0.2050  -0.0133  -0.2168  -0.2161  -0.0017   0.0000  -0.0056  -0.0481    0.224
   109  -1.3544   0.9300   0.0899  -0.1989  -0.0137  -0.2148  -0.2141  -0.0019   0.0000  -0.0062  -0.0470    0.221
   110  -1.4489   0.9113   0.0840  -0.1910  -0.0144  -0.2105  -0.2098  -0.0020   0.0000  -0.0068  -0.0453    0.217
   111  -1.5386   0.8936   0.0776  -0.1812  -0.0153  -0.2036  -0.2029  -0.0019   0.0000  -0.0074  -0.0430    0.213
   112  -1.6223   0.8770   0.0705  -0.1694  -0.0164  -0.1939  -0.1933  -0.0019   0.0000  -0.0080  -0.0400    0.208
   113  -1.6992   0.8618   0.0631  -0.1557  -0.0175  -0.1814  -0.1808  -0.0018   0.0000  -0.0085  -0.0365    0.203
   114  -1.7685   0.8481   0.0552  -0.1402  -0.0187  -0.1660  -0.1654  -0.0015   0.0000  -0.0088  -0.0323    0.197
   115  -1.8311   0.8358   0.0499  -0.1227  -0.0199  -0.1474  -0.1469  -0.0013   0.0000  -0.0089  -0.0277    0.190
   116  -1.8859   0.8249   0.0411  -0.1031  -0.0211  -0.1254  -0.1250  -0.0007   0.0000  -0.0085  -0.0226    0.182
   117  -1.9304   0.8161   0.0321  -0.0819  -0.0221  -0.1007  -0.1004  -0.0006   0.0000  -0.0076  -0.0174    0.174
   118  -1.9643   0.8094   0.0230  -0.0594  -0.0230  -0.0737  -0.0735  -0.0003   0.0000  -0.0061  -0.0122    0.167
   119  -1.9871   0.8049   0.0138  -0.0361  -0.0237  -0.0450  -0.0448  -0.0001   0.0000  -0.0040  -0.0072    0.162
   120  -1.9986   0.8027   0.0046  -0.0121  -0.0240  -0.0151  -0.0151  -0.0001   0.0000  -0.0014  -0.0024    0.159

  Surface # 5     vertical_stabilizer                     
     # Chordwise = 10   # Spanwise = 30     First strip =121
     Surface area =    1.162981       Ave. chord =    0.785002
     CLsurf  =  -0.00000     Clsurf  =  -0.00000
     CYsurf  =  -0.00000     Cmsurf  =   0.00000
     CDsurf  =   0.00000     Cnsurf  =   0.00000
     CDisurf =   0.00000     CDvsurf =   0.00000

  Forces referred to Ssurf, Cave about hinge axis thru LE
     CLsurf  =   0.00000     CDsurf  =   0.00000
     Deflect =

 Strip Forces referred to Strip Area, Chord
    j      Yle    Chord     Area     c cl      ai      cl_norm  cl       cd       cdv    cm_c/4    cm_LE  C.P.x/c
   121   0.0000   1.0573   0.0140   0.0000  -0.0000   0.0000   0.0000  -0.0000   0.0000  -0.0000  -0.0000    0.340
   122   0.0000   1.0509   0.0227   0.0000  -0.0000   0.0000   0.0000   0.0000   0.0000  -0.0000  -0.0000    0.275
   123   0.0000   1.0413   0.0311   0.0000  -0.0000   0.0000   0.0000   0.0000   0.0000  -0.0000  -0.0000    0.288
   124   0.0000   1.0287   0.0389   0.0000  -0.0000   0.0000   0.0000  -0.0000   0.0000  -0.0000  -0.0000    0.295
   125   0.0000   1.0133   0.0461   0.0000  -0.0000   0.0000   0.0000   0.0000   0.0000  -0.0000  -0.0000    0.259
   126   0.0000   0.9966   0.0440   0.0000  -0.0000   0.0000   0.0000   0.0000   0.0000  -0.0000  -0.0000    0.257
   127   0.0000   0.9792   0.0488   0.0000  -0.0000   0.0000   0.0000   0.0000   0.0000   0.0000  -0.0000    0.223
   128   0.0000   0.9597   0.0527   0.0000   0.0000   0.0000   0.0000   0.0000   0.0000   0.0000  -0.0000    0.228
   129   0.0000   0.9385   0.0559   0.0000   0.0000   0.0000   0.0000   0.0000   0.0000   0.0000  -0.0000    0.222
   130   0.0000   0.9157   0.0582   0.0000   0.0000   0.0000   0.0000   0.0000   0.0000   0.0000  -0.0000    0.232
   131   0.0000   0.8915   0.0596   0.0000  -0.0000   0.0000   0.0000  -0.0000   0.0000   0.0000  -0.0000    0.228
   132   0.0000   0.8662   0.0602   0.0000  -0.0000   0.0000   0.0000  -0.0000   0.0000   0.0000  -0.0000    0.206
   133   0.0000   0.8401   0.0601   0.0000   0.0000   0.0000   0.0000   0.0000   0.0000   0.0000  -0.0000    0.245
   134   0.0000   0.8133   0.0592   0.0000  -0.0000   0.0000   0.0000   0.0000   0.0000   0.0000  -0.0000    0.237
   135   0.0000   0.7863   0.0576   0.0000  -0.0000   0.0000   0.0000   0.0000   0.0000   0.0000  -0.0000    0.222
   136   0.0000   0.7592   0.0554   0.0000  -0.0000   0.0000   0.0000   0.0000   0.0000   0.0000  -0.0000    0.233
   137   0.0000   0.7323   0.0527   0.0000  -0.0000   0.0000   0.0000  -0.0000   0.0000   0.0000  -0.0000    0.211
   138   0.0000   0.7060   0.0495   0.0000   0.0000   0.0000   0.0000   0.0000   0.0000  -0.0000  -0.0000    0.272
   139   0.0000   0.6804   0.0460   0.0000  -0.0000   0.0000   0.0000   0.0000   0.0000  -0.0000  -0.0000    0.251
   140   0.0000   0.6560   0.0422   0.0000  -0.0000   0.0000   0.0000  -0.0000   0.0000  -0.0000  -0.0000    0.264
   141   0.0000   0.6328   0.0383   0.0000  -0.0000   0.0000   0.0000   0.0000   0.0000   0.0000  -0.0000    0.210
   142   0.0000   0.6112   0.0342   0.0000   0.0000   0.0000   0.0000  -0.0000   0.0000   0.0000  -0.0000    0.242
   143   0.0000   0.5914   0.0301   0.0000  -0.0000   0.0000   0.0000  -0.0000   0.0000   0.0000  -0.0000    0.233
   144   0.0000   0.5736   0.0259   0.0000  -0.0000   0.0000   0.0000  -0.0000   0.0000  -0.0000  -0.0000    0.286
   145   0.0000   0.5570   0.0246   0.0000   0.0000   0.0000   0.0000   0.0000   0.0000  -0.0000  -0.0000    0.305
   146   0.0000   0.5419   0.0200   0.0000  -0.0000   0.0000   0.0000   0.0000   0.0000  -0.0000  -0.0000    0.311
   147   0.0000   0.5297   0.0154   0.0000  -0.0000   0.0000   0.0000  -0.0000   0.0000  -0.0000  -0.0000    0.262
   148   0.0000   0.5204   0.0109   0.0000  -0.0000   0.0000   0.0000  -0.0000   0.0000  -0.0000  -0.0000    0.306
   149   0.0000   0.5141   0.0065   0.0000  -0.0000   0.0000   0.0000   0.0000   0.0000  -0.0000  -0.0000    0.316
   150   0.0000   0.5110   0.0022   0.0000  -0.0000   0.0000   0.0000  -0.0000   0.0000  -0.0000  -0.0000    0.334
 ---------------------------------------------------------------
