 ---------------------------------------------------------------
 Surface and Strip Forces by surface

  Forces referred to Sref, Cref, Bref about Xref, Yref, Zref
 Standard axis orientation,  X fwd, Z down         

  Surface # 1     main_wing                               
     # Chordwise = 10   # Spanwise = 30     First strip =  1
     Surface area =    8.662745       Ave. chord =    1.689678
     CLsurf  =   0.21888     Clsurf  =  -0.04969
     CYsurf  =  -0.02786     Cmsurf  =  -0.06292
     CDsurf  =   0.00558     Cnsurf  =   0.00287
     CDisurf =   0.00558     CDvsurf =   0.00000

  Forces referred to Ssurf, Cave about hinge axis thru LE
     CLsurf  =   0.43752     CDsurf  =   0.01107
     Deflect =

 Strip Forces referred to Strip Area, Chord
    j      Yle    Chord     Area     c cl      ai      cl_norm  cl       cd       cdv    cm_c/4    cm_LE  C.P.x/c
     1   0.0034   2.1937   0.0299   0.7261  -0.0808   0.3310   0.3310  -0.0109   0.0000  -0.0622  -0.1448    0.438
     2   0.0304   2.1884   0.0891   0.6516  -0.0778   0.2977   0.2977  -0.0019   0.0000  -0.0559  -0.1302    0.438
     3   0.0840   2.1777   0.1468   0.6503  -0.0705   0.2986   0.2986  -0.0017   0.0000  -0.0571  -0.1316    0.441
     4   0.1638   2.1619   0.2017   0.6600  -0.0591   0.3053   0.3053  -0.0014   0.0000  -0.0609  -0.1371    0.450
     5   0.2688   2.1410   0.2531   0.6792  -0.0439   0.3173   0.3173  -0.0016   0.0000  -0.0677  -0.1469    0.464
     6   0.3979   2.1154   0.3000   0.7115  -0.0253   0.3364   0.3364   0.0005   0.0000  -0.0783  -0.1622    0.483
     7   0.5496   2.0852   0.3417   0.7549  -0.0034   0.3620   0.3620   0.0024   0.0000  -0.0925  -0.1828    0.506
     8   0.7223   2.0509   0.3776   0.8032   0.0220   0.3916   0.3916   0.0043   0.0000  -0.1092  -0.2068    0.529
     9   0.9142   2.0128   0.4073   0.8552   0.0514   0.4249   0.4249   0.0090   0.0000  -0.1277  -0.2336    0.550
    10   1.1285   1.9703   0.4526   0.8914   0.0637   0.4524   0.4524   0.0116   0.0000  -0.1418  -0.2545    0.563
    11   1.3637   1.9236   0.4694   0.9060   0.0569   0.4710   0.4710   0.0130   0.0000  -0.1492  -0.2666    0.567
    12   1.6118   1.8743   0.4793   0.9074   0.0537   0.4842   0.4841   0.0134   0.0000  -0.1536  -0.2743    0.567
    13   1.8700   1.8230   0.4823   0.8986   0.0551   0.4929   0.4929   0.0140   0.0000  -0.1561  -0.2789    0.567
    14   2.1357   1.7703   0.4789   0.8842   0.0594   0.4995   0.4995   0.0142   0.0000  -0.1577  -0.2822    0.566
    15   2.4057   1.7167   0.4695   0.8649   0.0609   0.5038   0.5038   0.0143   0.0000  -0.1587  -0.2842    0.565
    16   2.6723   1.6637   0.4384   0.8418   0.0595   0.5060   0.5060   0.0141   0.0000  -0.1592  -0.2853    0.565
    17   2.9325   1.6120   0.4201   0.8142   0.0579   0.5051   0.5051   0.0145   0.0000  -0.1591  -0.2850    0.565
    18   3.1884   1.5612   0.3979   0.7850   0.0569   0.5028   0.5028   0.0142   0.0000  -0.1591  -0.2844    0.566
    19   3.4372   1.5118   0.3724   0.7514   0.0568   0.4970   0.4970   0.0143   0.0000  -0.1585  -0.2824    0.569
    20   3.6775   1.4641   0.3480   0.7145   0.0578   0.4880   0.4880   0.0149   0.0000  -0.1575  -0.2792    0.573
    21   3.9066   1.4186   0.3174   0.6742   0.0598   0.4753   0.4753   0.0152   0.0000  -0.1560  -0.2745    0.578
    22   4.1206   1.3761   0.2853   0.6304   0.0630   0.4581   0.4581   0.0155   0.0000  -0.1538  -0.2679    0.586
    23   4.3172   1.3370   0.2522   0.5828   0.0675   0.4359   0.4359   0.0154   0.0000  -0.1504  -0.2590    0.595
    24   4.4942   1.3019   0.2186   0.5298   0.0736   0.4070   0.4070   0.0156   0.0000  -0.1451  -0.2465    0.607
    25   4.6536   1.2702   0.1944   0.4710   0.0814   0.3708   0.3708   0.0151   0.0000  -0.1373  -0.2297    0.620
    26   4.7929   1.2426   0.1585   0.4033   0.0911   0.3246   0.3246   0.0143   0.0000  -0.1253  -0.2062    0.636
    27   4.9062   1.2201   0.1229   0.3276   0.1023   0.2685   0.2685   0.0126   0.0000  -0.1082  -0.1751    0.653
    28   4.9923   1.2030   0.0875   0.2429   0.1144   0.2019   0.2019   0.0102   0.0000  -0.0848  -0.1351    0.670
    29   5.0502   1.1915   0.0524   0.1502   0.1264   0.1261   0.1261   0.0072   0.0000  -0.0547  -0.0861    0.684
    30   5.0794   1.1857   0.0174   0.0510   0.1350   0.0430   0.0430   0.0028   0.0000  -0.0191  -0.0298    0.693

  Surface # 2     main_wing (YDUP)                        
     # Chordwise = 10   # Spanwise = 30     First strip = 31
     Surface area =    8.662745       Ave. chord =    1.689678
     CLsurf  =   0.21888     Clsurf  =   0.04969
     CYsurf  =   0.02786     Cmsurf  =  -0.06292
     CDsurf  =   0.00558     Cnsurf  =  -0.00287
     CDisurf =   0.00558     CDvsurf =   0.00000

  Forces referred to Ssurf, Cave about hinge axis thru LE
     CLsurf  =   0.43752     CDsurf  =   0.01107
     Deflect =

 Strip Forces referred to Strip Area, Chord
    j      Yle    Chord     Area     c cl      ai      cl_norm  cl       cd       cdv    cm_c/4    cm_LE  C.P.x/c
    31  -0.0034   2.1937   0.0299   0.7261  -0.0808   0.3310   0.3310  -0.0109   0.0000  -0.0622   0.1448    0.438
    32  -0.0304   2.1884   0.0891   0.6516  -0.0778   0.2977   0.2977  -0.0019   0.0000  -0.0559   0.1302    0.438
    33  -0.0840   2.1777   0.1468   0.6503  -0.0705   0.2986   0.2986  -0.0017   0.0000  -0.0571   0.1316    0.441
    34  -0.1638   2.1619   0.2017   0.6600  -0.0591   0.3053   0.3053  -0.0014   0.0000  -0.0609   0.1371    0.450
    35  -0.2688   2.1410   0.2531   0.6792  -0.0439   0.3173   0.3173  -0.0016   0.0000  -0.0677   0.1468    0.464
    36  -0.3979   2.1154   0.3000   0.7115  -0.0253   0.3364   0.3364   0.0005   0.0000  -0.0783   0.1622    0.483
    37  -0.5496   2.0852   0.3417   0.7549  -0.0034   0.3620   0.3620   0.0024   0.0000  -0.0925   0.1828    0.506
    38  -0.7223   2.0509   0.3776   0.8032   0.0220   0.3916   0.3916   0.0043   0.0000  -0.1092   0.2068    0.529
    39  -0.9142   2.0128   0.4073   0.8552   0.0514   0.4249   0.4249   0.0090   0.0000  -0.1277   0.2336    0.550
    40  -1.1285   1.9703   0.4526   0.8914   0.0637   0.4524   0.4524   0.0116   0.0000  -0.1418   0.2545    0.563
    41  -1.3637   1.9236   0.4694   0.9060   0.0569   0.4710   0.4710   0.0130   0.0000  -0.1492   0.2666    0.567
    42  -1.6118   1.8743   0.4793   0.9074   0.0537   0.4842   0.4841   0.0134   0.0000  -0.1536   0.2743    0.567
    43  -1.8700   1.8230   0.4823   0.8986   0.0551   0.4929   0.4929   0.0140   0.0000  -0.1561   0.2789    0.567
    44  -2.1357   1.7703   0.4789   0.8842   0.0594   0.4995   0.4995   0.0142   0.0000  -0.1577   0.2822    0.566
    45  -2.4057   1.7167   0.4695   0.8649   0.0609   0.5038   0.5038   0.0143   0.0000  -0.1587   0.2842    0.565
    46  -2.6723   1.6637   0.4384   0.8418   0.0595   0.5060   0.5060   0.0141   0.0000  -0.1592   0.2853    0.565
    47  -2.9325   1.6120   0.4201   0.8142   0.0579   0.5051   0.5051   0.0145   0.0000  -0.1591   0.2850    0.565
    48  -3.1884   1.5612   0.3979   0.7850   0.0569   0.5028   0.5028   0.0142   0.0000  -0.1591   0.2844    0.566
    49  -3.4372   1.5118   0.3724   0.7514   0.0568   0.4970   0.4970   0.0143   0.0000  -0.1585   0.2824    0.569
    50  -3.6775   1.4641   0.3480   0.7145   0.0578   0.4880   0.4880   0.0149   0.0000  -0.1575   0.2792    0.573
    51  -3.9066   1.4186   0.3174   0.6742   0.0598   0.4753   0.4753   0.0152   0.0000  -0.1560   0.2745    0.578
    52  -4.1206   1.3761   0.2853   0.6304   0.0630   0.4581   0.4581   0.0155   0.0000  -0.1538   0.2679    0.586
    53  -4.3172   1.3370   0.2522   0.5828   0.0675   0.4359   0.4359   0.0154   0.0000  -0.1504   0.2590    0.595
    54  -4.4942   1.3019   0.2186   0.5298   0.0736   0.4070   0.4070   0.0156   0.0000  -0.1451   0.2465    0.607
    55  -4.6536   1.2702   0.1944   0.4710   0.0814   0.3708   0.3708   0.0151   0.0000  -0.1373   0.2297    0.620
    56  -4.7929   1.2426   0.1585   0.4033   0.0911   0.3246   0.3246   0.0143   0.0000  -0.1253   0.2062    0.636
    57  -4.9062   1.2201   0.1229   0.3276   0.1023   0.2685   0.2685   0.0126   0.0000  -0.1082   0.1751    0.653
    58  -4.9923   1.2030   0.0875   0.2429   0.1144   0.2019   0.2019   0.0102   0.0000  -0.0848   0.1351    0.670
    59  -5.0502   1.1915   0.0524   0.1502   0.1264   0.1261   0.1261   0.0072   0.0000  -0.0547   0.0861    0.684
    60  -5.0794   1.1857   0.0174   0.0510   0.1350   0.0430   0.0430   0.0028   0.0000  -0.0191   0.0298    0.693

  Surface # 3     horizontal_stabilizer                   
     # Chordwise = 10   # Spanwise = 30     First strip = 61
     Surface area =    2.000000       Ave. chord =    1.000000
     CLsurf  =  -0.01375     Clsurf  =   0.00129
     CYsurf  =   0.00003     Cmsurf  =   0.03655
     CDsurf  =  -0.00033     Cnsurf  =  -0.00005
     CDisurf =  -0.00033     CDvsurf =   0.00000

  Forces referred to Ssurf, Cave about hinge axis thru LE
     CLsurf  =  -0.11808     CDsurf  =  -0.00282
     Deflect =

 Strip Forces referred to Strip Area, Chord
    j      Yle    Chord     Area     c cl      ai      cl_norm  cl       cd       cdv    cm_c/4    cm_LE  C.P.x/c
    61   0.0014   1.1973   0.0069  -0.1157   0.0055  -0.0969  -0.0966   0.0016   0.0000   0.0002   0.0243    0.252
    62   0.0129   1.1951   0.0205  -0.1157   0.0056  -0.0971  -0.0968  -0.0011   0.0000   0.0002   0.0243    0.252
    63   0.0357   1.1906   0.0338  -0.1157   0.0057  -0.0975  -0.0972  -0.0013   0.0000   0.0002   0.0243    0.252
    64   0.0696   1.1839   0.0465  -0.1158   0.0059  -0.0981  -0.0978  -0.0014   0.0000   0.0001   0.0244    0.251
    65   0.1141   1.1751   0.0585  -0.1160   0.0061  -0.0991  -0.0988  -0.0015   0.0000  -0.0000   0.0245    0.250
    66   0.1689   1.1642   0.0695  -0.1165   0.0063  -0.1004  -0.1001  -0.0015   0.0000  -0.0002   0.0247    0.248
    67   0.2315   1.1519   0.0750  -0.1173   0.0066  -0.1022  -0.1019  -0.0016   0.0000  -0.0003   0.0250    0.247
    68   0.3008   1.1382   0.0833  -0.1185   0.0071  -0.1045  -0.1041  -0.0017   0.0000  -0.0005   0.0254    0.245
    69   0.3777   1.1230   0.0903  -0.1202   0.0076  -0.1073  -0.1070  -0.0018   0.0000  -0.0007   0.0259    0.243
    70   0.4614   1.1064   0.0960  -0.1222   0.0082  -0.1108  -0.1105  -0.0020   0.0000  -0.0010   0.0264    0.241
    71   0.5511   1.0887   0.1004  -0.1247   0.0090  -0.1149  -0.1145  -0.0020   0.0000  -0.0014   0.0271    0.238
    72   0.6456   1.0700   0.1034  -0.1273   0.0098  -0.1194  -0.1190  -0.0024   0.0000  -0.0017   0.0279    0.235
    73   0.7441   1.0506   0.1050  -0.1300   0.0107  -0.1242  -0.1238  -0.0028   0.0000  -0.0022   0.0286    0.233
    74   0.8453   1.0306   0.1054  -0.1325   0.0115  -0.1290  -0.1286  -0.0031   0.0000  -0.0026   0.0294    0.230
    75   0.9482   1.0102   0.1044  -0.1345   0.0122  -0.1335  -0.1331  -0.0033   0.0000  -0.0031   0.0300    0.227
    76   1.0518   0.9898   0.1023  -0.1356   0.0127  -0.1375  -0.1370  -0.0036   0.0000  -0.0036   0.0305    0.224
    77   1.1547   0.9694   0.0991  -0.1357   0.0129  -0.1404  -0.1400  -0.0039   0.0000  -0.0040   0.0308    0.221
    78   1.2559   0.9494   0.0949  -0.1345   0.0130  -0.1421  -0.1417  -0.0041   0.0000  -0.0045   0.0307    0.218
    79   1.3544   0.9300   0.0899  -0.1319   0.0128  -0.1423  -0.1418  -0.0042   0.0000  -0.0050   0.0303    0.215
    80   1.4489   0.9113   0.0840  -0.1278   0.0123  -0.1406  -0.1402  -0.0044   0.0000  -0.0055   0.0294    0.211
    81   1.5386   0.8936   0.0776  -0.1221   0.0118  -0.1370  -0.1366  -0.0042   0.0000  -0.0059   0.0281    0.207
    82   1.6223   0.8770   0.0705  -0.1148   0.0111  -0.1313  -0.1309  -0.0040   0.0000  -0.0063   0.0263    0.202
    83   1.6992   0.8618   0.0631  -0.1061   0.0103  -0.1235  -0.1231  -0.0038   0.0000  -0.0066   0.0240    0.196
    84   1.7685   0.8481   0.0552  -0.0959   0.0096  -0.1134  -0.1130  -0.0035   0.0000  -0.0068   0.0213    0.190
    85   1.8311   0.8358   0.0499  -0.0842   0.0088  -0.1010  -0.1007  -0.0031   0.0000  -0.0068   0.0183    0.183
    86   1.8859   0.8249   0.0411  -0.0709   0.0080  -0.0862  -0.0859  -0.0026   0.0000  -0.0065   0.0149    0.175
    87   1.9304   0.8161   0.0321  -0.0564   0.0074  -0.0693  -0.0691  -0.0020   0.0000  -0.0057   0.0115    0.167
    88   1.9643   0.8094   0.0230  -0.0410   0.0068  -0.0508  -0.0507  -0.0014   0.0000  -0.0046   0.0081    0.160
    89   1.9871   0.8049   0.0138  -0.0249   0.0064  -0.0310  -0.0309  -0.0008   0.0000  -0.0030   0.0047    0.154
    90   1.9986   0.8027   0.0046  -0.0083   0.0062  -0.0104  -0.0104  -0.0003   0.0000  -0.0010   0.0016    0.151

  Surface # 4     horizontal_stabilizer (YDUP)            
     # Chordwise = 10   # Spanwise = 30     First strip = 91
     Surface area =    2.000000       Ave. chord =    1.000000
     CLsurf  =  -0.01375     Clsurf  =  -0.00129
     CYsurf  =  -0.00003     Cmsurf  =   0.03655
     CDsurf  =  -0.00033     Cnsurf  =   0.00005
     CDisurf =  -0.00033     CDvsurf =   0.00000

  Forces referred to Ssurf, Cave about hinge axis thru LE
     CLsurf  =  -0.11808     CDsurf  =  -0.00282
     Deflect =

 Strip Forces referred to Strip Area, Chord
    j      Yle    Chord     Area     c cl      ai      cl_norm  cl       cd       cdv    cm_c/4    cm_LE  C.P.x/c
    91  -0.0014   1.1973   0.0069  -0.1157   0.0055  -0.0969  -0.0966   0.0016   0.0000   0.0002  -0.0243    0.252
    92  -0.0129   1.1951   0.0205  -0.1157   0.0056  -0.0971  -0.0968  -0.0011   0.0000   0.0002  -0.0243    0.252
    93  -0.0357   1.1906   0.0338  -0.1157   0.0057  -0.0975  -0.0972  -0.0013   0.0000   0.0002  -0.0243    0.252
    94  -0.0696   1.1839   0.0465  -0.1158   0.0059  -0.0981  -0.0978  -0.0014   0.0000   0.0001  -0.0244    0.251
    95  -0.1141   1.1751   0.0585  -0.1160   0.0061  -0.0991  -0.0988  -0.0015   0.0000  -0.0000  -0.0245    0.250
    96  -0.1689   1.1642   0.0695  -0.1165   0.0063  -0.1004  -0.1001  -0.0015   0.0000  -0.0002  -0.0247    0.248
    97  -0.2315   1.1519   0.0750  -0.1173   0.0066  -0.1022  -0.1019  -0.0016   0.0000  -0.0003  -0.0250    0.247
    98  -0.3008   1.1382   0.0833  -0.1185   0.0071  -0.1045  -0.1041  -0.0017   0.0000  -0.0005  -0.0254    0.245
    99  -0.3777   1.1230   0.0903  -0.1202   0.0076  -0.1073  -0.1070  -0.0018   0.0000  -0.0007  -0.0259    0.243
   100  -0.4614   1.1064   0.0960  -0.1222   0.0082  -0.1108  -0.1105  -0.0020   0.0000  -0.0010  -0.0264    0.241
   101  -0.5511   1.0887   0.1004  -0.1247   0.0090  -0.1149  -0.1145  -0.0020   0.0000  -0.0014  -0.0271    0.238
   102  -0.6456   1.0700   0.1034  -0.1273   0.0098  -0.1194  -0.1190  -0.0024   0.0000  -0.0017  -0.0279    0.235
   103  -0.7441   1.0506   0.1050  -0.1300   0.0107  -0.1242  -0.1238  -0.0028   0.0000  -0.0022  -0.0286    0.233
   104  -0.8453   1.0306   0.1054  -0.1325   0.0115  -0.1290  -0.1286  -0.0031   0.0000  -0.0026  -0.0294    0.230
   105  -0.9482   1.0102   0.1044  -0.1345   0.0122  -0.1335  -0.1331  -0.0033   0.0000  -0.0031  -0.0300    0.227
   106  -1.0518   0.9898   0.1023  -0.1356   0.0127  -0.1375  -0.1370  -0.0036   0.0000  -0.0036  -0.0305    0.224
   107  -1.1547   0.9694   0.0991  -0.1357   0.0129  -0.1404  -0.1400  -0.0039   0.0000  -0.0040  -0.0308    0.221
   108  -1.2559   0.9494   0.0949  -0.1345   0.0130  -0.1421  -0.1417  -0.0041   0.0000  -0.0045  -0.0307    0.218
   109  -1.3544   0.9300   0.0899  -0.1319   0.0128  -0.1423  -0.1418  -0.0042   0.0000  -0.0050  -0.0303    0.215
   110  -1.4489   0.9113   0.0840  -0.1278   0.0123  -0.1406  -0.1402  -0.0044   0.0000  -0.0055  -0.0294    0.211
   111  -1.5386   0.8936   0.0776  -0.1221   0.0118  -0.1370  -0.1366  -0.0042   0.0000  -0.0059  -0.0281    0.207
   112  -1.6223   0.8770   0.0705  -0.1148   0.0111  -0.1313  -0.1309  -0.0040   0.0000  -0.0063  -0.0263    0.202
   113  -1.6992   0.8618   0.0631  -0.1061   0.0103  -0.1235  -0.1231  -0.0038   0.0000  -0.0066  -0.0240    0.196
   114  -1.7685   0.8481   0.0552  -0.0959   0.0096  -0.1134  -0.1130  -0.0035   0.0000  -0.0068  -0.0213    0.190
   115  -1.8311   0.8358   0.0499  -0.0842   0.0088  -0.1010  -0.1007  -0.0031   0.0000  -0.0068  -0.0183    0.183
   116  -1.8859   0.8249   0.0411  -0.0709   0.0080  -0.0862  -0.0859  -0.0026   0.0000  -0.0065  -0.0149    0.175
   117  -1.9304   0.8161   0.0321  -0.0564   0.0074  -0.0693  -0.0691  -0.0020   0.0000  -0.0057  -0.0115    0.167
   118  -1.9643   0.8094   0.0230  -0.0410   0.0068  -0.0508  -0.0507  -0.0014   0.0000  -0.0046  -0.0081    0.160
   119  -1.9871   0.8049   0.0138  -0.0249   0.0064  -0.0310  -0.0309  -0.0008   0.0000  -0.0030  -0.0047    0.154
   120  -1.9986   0.8027   0.0046  -0.0083   0.0062  -0.0104  -0.0104  -0.0003   0.0000  -0.0010  -0.0016    0.151

  Surface # 5     vertical_stabilizer                     
     # Chordwise = 10   # Spanwise = 30     First strip =121
     Surface area =    1.162981       Ave. chord =    0.785002
     CLsurf  =   0.00000     Clsurf  =   0.00000
     CYsurf  =   0.00000     Cmsurf  =  -0.00000
     CDsurf  =  -0.00000     Cnsurf  =  -0.00000
     CDisurf =  -0.00000     CDvsurf =   0.00000

  Forces referred to Ssurf, Cave about hinge axis thru LE
     CLsurf  =  -0.00000     CDsurf  =  -0.00000
     Deflect =

 Strip Forces referred to Strip Area, Chord
    j      Yle    Chord     Area     c cl      ai      cl_norm  cl       cd       cdv    cm_c/4    cm_LE  C.P.x/c
   121   0.0000   1.0573   0.0140   0.0000  -0.0000   0.0000   0.0000  -0.0000   0.0000  -0.0000  -0.0000
   122   0.0000   1.0509   0.0227   0.0000  -0.0000   0.0000   0.0000   0.0000   0.0000  -0.0000  -0.0000
   123   0.0000   1.0413   0.0311   0.0000  -0.0000   0.0000   0.0000   0.0000   0.0000  -0.0000  -0.0000    1.518
   124   0.0000   1.0287   0.0389   0.0000  -0.0000   0.0000   0.0000   0.0000   0.0000  -0.0000  -0.0000    0.973
   125   0.0000   1.0133   0.0461   0.0000  -0.0000   0.0000   0.0000   0.0000   0.0000  -0.0000  -0.0000    0.876
   126   0.0000   0.9966   0.0440   0.0000  -0.0000   0.0000   0.0000  -0.0000   0.0000  -0.0000  -0.0000    0.640
   127   0.0000   0.9792   0.0488   0.0000  -0.0000   0.0000   0.0000  -0.0000   0.0000  -0.0000  -0.0000    0.450
   128   0.0000   0.9597   0.0527   0.0000   0.0000   0.0000   0.0000   0.0000   0.0000  -0.0000  -0.0000    0.474
   129   0.0000   0.9385   0.0559   0.0000   0.0000   0.0000   0.0000   0.0000   0.0000  -0.0000  -0.0000    0.403
   130   0.0000   0.9157   0.0582   0.0000  -0.0000   0.0000   0.0000   0.0000   0.0000  -0.0000  -0.0000    0.252
   131   0.0000   0.8915   0.0596   0.0000   0.0000   0.0000   0.0000   0.0000   0.0000  -0.0000  -0.0000    0.408
   132   0.0000   0.8662   0.0602   0.0000  -0.0000   0.0000   0.0000   0.0000   0.0000  -0.0000  -0.0000    0.518
   133   0.0000   0.8401   0.0601   0.0000   0.0000   0.0000   0.0000  -0.0000   0.0000  -0.0000  -0.0000    0.552
   134   0.0000   0.8133   0.0592   0.0000  -0.0000   0.0000   0.0000   0.0000   0.0000  -0.0000  -0.0000
   135   0.0000   0.7863   0.0576  -0.0000  -0.0000  -0.0000  -0.0000   0.0000   0.0000  -0.0000  -0.0000   -0.270
   136   0.0000   0.7592   0.0554  -0.0000   0.0000  -0.0000  -0.0000   0.0000   0.0000  -0.0000   0.0000    0.013
   137   0.0000   0.7323   0.0527  -0.0000  -0.0000  -0.0000  -0.0000  -0.0000   0.0000  -0.0000   0.0000    0.038
   138   0.0000   0.7060   0.0495  -0.0000   0.0000  -0.0000  -0.0000   0.0000   0.0000  -0.0000   0.0000    0.045
   139   0.0000   0.6804   0.0460  -0.0000  -0.0000  -0.0000  -0.0000  -0.0000   0.0000  -0.0000   0.0000    0.105
   140   0.0000   0.6560   0.0422  -0.0000   0.0000  -0.0000  -0.0000  -0.0000   0.0000  -0.0000   0.0000    0.073
   141   0.0000   0.6328   0.0383  -0.0000  -0.0000  -0.0000  -0.0000  -0.0000   0.0000  -0.0000   0.0000    0.113
   142   0.0000   0.6112   0.0342  -0.0000   0.0000  -0.0000  -0.0000  -0.0000   0.0000  -0.0000   0.0000    0.120
   143   0.0000   0.5914   0.0301  -0.0000   0.0000  -0.0000  -0.0000  -0.0000   0.0000  -0.0000   0.0000    0.117
   144   0.0000   0.5736   0.0259  -0.0000   0.0000  -0.0000  -0.0000  -0.0000   0.0000  -0.0000   0.0000    0.132
   145   0.0000   0.5570   0.0246  -0.0000   0.0000  -0.0000  -0.0000  -0.0000   0.0000  -0.0000   0.0000    0.114
   146   0.0000   0.5419   0.0200  -0.0000  -0.0000  -0.0000  -0.0000  -0.0000   0.0000  -0.0000   0.0000    0.151
   147   0.0000   0.5297   0.0154  -0.0000   0.0000  -0.0000  -0.0000  -0.0000   0.0000  -0.0000   0.0000    0.110
   148   0.0000   0.5204   0.0109  -0.0000   0.0000  -0.0000  -0.0000  -0.0000   0.0000  -0.0000   0.0000    0.104
   149   0.0000   0.5141   0.0065  -0.0000  -0.0000  -0.0000  -0.0000   0.0000   0.0000  -0.0000   0.0000    0.099
   150   0.0000   0.5110   0.0022  -0.0000   0.0000  -0.0000  -0.0000  -0.0000   0.0000  -0.0000   0.0000    0.093
 ---------------------------------------------------------------
