 ---------------------------------------------------------------
 Surface and Strip Forces by surface

  Forces referred to Sref, Cref, Bref about Xref, Yref, Zref
 Standard axis orientation,  X fwd, Z down         

  Surface # 1     main_wing                               
     # Chordwise = 10   # Spanwise = 30     First strip =  1
     Surface area =    8.662745       Ave. chord =    1.689678
     CLsurf  =   0.57446     Clsurf  =  -0.12273
     CYsurf  =  -0.08105     Cmsurf  =  -0.06411
     CDsurf  =   0.03561     Cnsurf  =  -0.00439
     CDisurf =   0.03561     CDvsurf =   0.00000

  Forces referred to Ssurf, Cave about hinge axis thru LE
     CLsurf  =   1.15032     CDsurf  =   0.07061
     Deflect =

 Strip Forces referred to Strip Area, Chord
    j      Yle    Chord     Area     c cl      ai      cl_norm  cl       cd       cdv    cm_c/4    cm_LE  C.P.x/c
     1   0.0034   2.1937   0.0299   3.3540   0.0227   1.5264   1.5258   0.1175   0.0000  -0.0840  -0.4662    0.305
     2   0.0304   2.1884   0.0891   2.3027   0.0248   1.0526   1.0522   0.0636   0.0000  -0.0736  -0.3368    0.320
     3   0.0840   2.1777   0.1468   2.2286   0.0309   1.0245   1.0242   0.0553   0.0000  -0.0744  -0.3304    0.323
     4   0.1638   2.1619   0.2017   2.2221   0.0413   1.0294   1.0290   0.0525   0.0000  -0.0783  -0.3353    0.326
     5   0.2688   2.1410   0.2531   2.2239   0.0556   1.0408   1.0404   0.0490   0.0000  -0.0865  -0.3463    0.333
     6   0.3979   2.1154   0.3000   2.2731   0.0736   1.0758   1.0754   0.0579   0.0000  -0.0974  -0.3661    0.341
     7   0.5496   2.0852   0.3417   2.3112   0.0950   1.1099   1.1095   0.0580   0.0000  -0.1123  -0.3894    0.351
     8   0.7223   2.0509   0.3776   2.3328   0.1198   1.1396   1.1391   0.0545   0.0000  -0.1323  -0.4167    0.366
     9   0.9142   2.0128   0.4073   2.3717   0.1485   1.1802   1.1797   0.0595   0.0000  -0.1537  -0.4483    0.380
    10   1.1285   1.9703   0.4526   2.3831   0.1592   1.2108   1.2103   0.0666   0.0000  -0.1698  -0.4721    0.390
    11   1.3637   1.9236   0.4694   2.3799   0.1491   1.2380   1.2376   0.0723   0.0000  -0.1788  -0.4881    0.395
    12   1.6118   1.8743   0.4793   2.3518   0.1397   1.2554   1.2550   0.0744   0.0000  -0.1842  -0.4978    0.397
    13   1.8700   1.8230   0.4823   2.3059   0.1308   1.2652   1.2647   0.0777   0.0000  -0.1878  -0.5039    0.398
    14   2.1357   1.7703   0.4789   2.2539   0.1234   1.2735   1.2730   0.0784   0.0000  -0.1900  -0.5082    0.399
    15   2.4057   1.7167   0.4695   2.1924   0.1192   1.2774   1.2769   0.0791   0.0000  -0.1914  -0.5106    0.400
    16   2.6723   1.6637   0.4384   2.1253   0.1179   1.2778   1.2773   0.0782   0.0000  -0.1918  -0.5111    0.400
    17   2.9325   1.6120   0.4201   2.0409   0.1180   1.2661   1.2656   0.0804   0.0000  -0.1910  -0.5074    0.401
    18   3.1884   1.5612   0.3979   1.9617   0.1192   1.2567   1.2562   0.0783   0.0000  -0.1903  -0.5044    0.402
    19   3.4372   1.5118   0.3724   1.8652   0.1214   1.2337   1.2333   0.0783   0.0000  -0.1883  -0.4967    0.403
    20   3.6775   1.4641   0.3480   1.7612   0.1247   1.2025   1.2020   0.0801   0.0000  -0.1856  -0.4863    0.404
    21   3.9066   1.4186   0.3174   1.6495   0.1293   1.1620   1.1615   0.0804   0.0000  -0.1818  -0.4724    0.407
    22   4.1206   1.3761   0.2853   1.5266   0.1353   1.1082   1.1078   0.0802   0.0000  -0.1765  -0.4538    0.409
    23   4.3172   1.3370   0.2522   1.3973   0.1428   1.0436   1.0432   0.0780   0.0000  -0.1695  -0.4307    0.412
    24   4.4942   1.3019   0.2186   1.2543   0.1516   0.9616   0.9613   0.0760   0.0000  -0.1603  -0.4010    0.417
    25   4.6536   1.2702   0.1944   1.1002   0.1621   0.8642   0.8638   0.0717   0.0000  -0.1480  -0.3644    0.421
    26   4.7929   1.2426   0.1585   0.9267   0.1741   0.7435   0.7433   0.0655   0.0000  -0.1313  -0.3177    0.427
    27   4.9062   1.2201   0.1229   0.7409   0.1870   0.6052   0.6049   0.0556   0.0000  -0.1102  -0.2619    0.432
    28   4.9923   1.2030   0.0875   0.5411   0.2001   0.4480   0.4478   0.0432   0.0000  -0.0841  -0.1965    0.438
    29   5.0502   1.1915   0.0524   0.3304   0.2125   0.2761   0.2760   0.0278   0.0000  -0.0531  -0.1224    0.443
    30   5.0794   1.1857   0.0174   0.1114   0.2207   0.0935   0.0935   0.0099   0.0000  -0.0183  -0.0417    0.445

  Surface # 2     main_wing (YDUP)                        
     # Chordwise = 10   # Spanwise = 30     First strip = 31
     Surface area =    8.662745       Ave. chord =    1.689678
     CLsurf  =   0.57446     Clsurf  =   0.12273
     CYsurf  =   0.08105     Cmsurf  =  -0.06411
     CDsurf  =   0.03561     Cnsurf  =   0.00439
     CDisurf =   0.03561     CDvsurf =   0.00000

  Forces referred to Ssurf, Cave about hinge axis thru LE
     CLsurf  =   1.15032     CDsurf  =   0.07061
     Deflect =

 Strip Forces referred to Strip Area, Chord
    j      Yle    Chord     Area     c cl      ai      cl_norm  cl       cd       cdv    cm_c/4    cm_LE  C.P.x/c
    31  -0.0034   2.1937   0.0299   3.3540   0.0227   1.5264   1.5258   0.1175   0.0000  -0.0840   0.4662    0.305
    32  -0.0304   2.1884   0.0891   2.3027   0.0248   1.0526   1.0522   0.0636   0.0000  -0.0736   0.3368    0.320
    33  -0.0840   2.1777   0.1468   2.2286   0.0309   1.0245   1.0242   0.0553   0.0000  -0.0744   0.3304    0.323
    34  -0.1638   2.1619   0.2017   2.2221   0.0413   1.0294   1.0290   0.0525   0.0000  -0.0783   0.3353    0.326
    35  -0.2688   2.1410   0.2531   2.2239   0.0556   1.0408   1.0404   0.0490   0.0000  -0.0865   0.3463    0.333
    36  -0.3979   2.1154   0.3000   2.2731   0.0736   1.0758   1.0754   0.0579   0.0000  -0.0974   0.3661    0.341
    37  -0.5496   2.0852   0.3417   2.3112   0.0950   1.1099   1.1095   0.0580   0.0000  -0.1123   0.3894    0.351
    38  -0.7223   2.0509   0.3776   2.3328   0.1198   1.1396   1.1391   0.0545   0.0000  -0.1323   0.4167    0.366
    39  -0.9142   2.0128   0.4073   2.3717   0.1485   1.1801   1.1797   0.0595   0.0000  -0.1537   0.4483    0.380
    40  -1.1285   1.9703   0.4526   2.3831   0.1592   1.2108   1.2103   0.0666   0.0000  -0.1698   0.4721    0.390
    41  -1.3637   1.9236   0.4694   2.3799   0.1491   1.2380   1.2376   0.0723   0.0000  -0.1788   0.4881    0.395
    42  -1.6118   1.8743   0.4793   2.3518   0.1397   1.2554   1.2550   0.0744   0.0000  -0.1842   0.4978    0.397
    43  -1.8700   1.8230   0.4823   2.3059   0.1308   1.2652   1.2647   0.0777   0.0000  -0.1878   0.5039    0.398
    44  -2.1357   1.7703   0.4789   2.2539   0.1234   1.2735   1.2730   0.0784   0.0000  -0.1900   0.5082    0.399
    45  -2.4057   1.7167   0.4695   2.1924   0.1192   1.2774   1.2769   0.0791   0.0000  -0.1914   0.5106    0.400
    46  -2.6723   1.6637   0.4384   2.1253   0.1179   1.2778   1.2773   0.0782   0.0000  -0.1918   0.5111    0.400
    47  -2.9325   1.6120   0.4201   2.0409   0.1180   1.2661   1.2656   0.0804   0.0000  -0.1910   0.5074    0.401
    48  -3.1884   1.5612   0.3979   1.9617   0.1192   1.2567   1.2562   0.0783   0.0000  -0.1903   0.5044    0.402
    49  -3.4372   1.5118   0.3724   1.8652   0.1214   1.2337   1.2333   0.0783   0.0000  -0.1883   0.4967    0.403
    50  -3.6775   1.4641   0.3480   1.7612   0.1247   1.2025   1.2020   0.0801   0.0000  -0.1856   0.4863    0.404
    51  -3.9066   1.4186   0.3174   1.6495   0.1293   1.1620   1.1615   0.0804   0.0000  -0.1818   0.4724    0.407
    52  -4.1206   1.3761   0.2853   1.5266   0.1353   1.1082   1.1078   0.0802   0.0000  -0.1765   0.4538    0.409
    53  -4.3172   1.3370   0.2522   1.3973   0.1428   1.0436   1.0432   0.0780   0.0000  -0.1695   0.4307    0.412
    54  -4.4942   1.3019   0.2186   1.2543   0.1516   0.9616   0.9613   0.0760   0.0000  -0.1603   0.4010    0.417
    55  -4.6536   1.2702   0.1944   1.1002   0.1621   0.8642   0.8638   0.0717   0.0000  -0.1480   0.3644    0.421
    56  -4.7929   1.2426   0.1585   0.9266   0.1741   0.7435   0.7433   0.0655   0.0000  -0.1313   0.3177    0.427
    57  -4.9062   1.2201   0.1229   0.7409   0.1870   0.6052   0.6049   0.0556   0.0000  -0.1102   0.2619    0.432
    58  -4.9923   1.2030   0.0875   0.5411   0.2001   0.4480   0.4478   0.0432   0.0000  -0.0841   0.1965    0.438
    59  -5.0502   1.1915   0.0524   0.3304   0.2125   0.2761   0.2760   0.0278   0.0000  -0.0531   0.1224    0.443
    60  -5.0794   1.1857   0.0174   0.1114   0.2207   0.0935   0.0935   0.0099   0.0000  -0.0183   0.0417    0.445

  Surface # 3     horizontal_stabilizer                   
     # Chordwise = 10   # Spanwise = 30     First strip = 61
     Surface area =    2.000000       Ave. chord =    1.000000
     CLsurf  =   0.01294     Clsurf  =  -0.00095
     CYsurf  =  -0.00022     Cmsurf  =  -0.03472
     CDsurf  =   0.00137     Cnsurf  =   0.00010
     CDisurf =   0.00137     CDvsurf =   0.00000

  Forces referred to Ssurf, Cave about hinge axis thru LE
     CLsurf  =   0.11117     CDsurf  =   0.01178
     Deflect =

 Strip Forces referred to Strip Area, Chord
    j      Yle    Chord     Area     c cl      ai      cl_norm  cl       cd       cdv    cm_c/4    cm_LE  C.P.x/c
    61   0.0014   1.1973   0.0069   0.1808   0.1131   0.1494   0.1490   0.0257   0.0000   0.0023  -0.0353    0.235
    62   0.0129   1.1951   0.0205   0.1807   0.1130   0.1509   0.1504   0.0161   0.0000   0.0023  -0.0353    0.235
    63   0.0357   1.1906   0.0338   0.1806   0.1129   0.1514   0.1510   0.0155   0.0000   0.0024  -0.0354    0.234
    64   0.0696   1.1839   0.0465   0.1803   0.1128   0.1520   0.1515   0.0153   0.0000   0.0025  -0.0354    0.234
    65   0.1141   1.1751   0.0585   0.1795   0.1126   0.1525   0.1520   0.0153   0.0000   0.0026  -0.0354    0.233
    66   0.1689   1.1642   0.0695   0.1781   0.1125   0.1527   0.1523   0.0153   0.0000   0.0027  -0.0354    0.233
    67   0.2315   1.1519   0.0750   0.1759   0.1124   0.1525   0.1520   0.0152   0.0000   0.0027  -0.0353    0.232
    68   0.3008   1.1382   0.0833   0.1728   0.1124   0.1516   0.1511   0.0150   0.0000   0.0027  -0.0351    0.232
    69   0.3777   1.1230   0.0903   0.1685   0.1124   0.1498   0.1493   0.0150   0.0000   0.0026  -0.0348    0.233
    70   0.4614   1.1064   0.0960   0.1631   0.1125   0.1471   0.1466   0.0149   0.0000   0.0024  -0.0343    0.234
    71   0.5511   1.0887   0.1004   0.1564   0.1127   0.1433   0.1429   0.0148   0.0000   0.0021  -0.0336    0.235
    72   0.6456   1.0700   0.1034   0.1486   0.1130   0.1385   0.1381   0.0144   0.0000   0.0018  -0.0328    0.237
    73   0.7441   1.0506   0.1050   0.1398   0.1134   0.1328   0.1324   0.0141   0.0000   0.0014  -0.0317    0.240
    74   0.8453   1.0306   0.1054   0.1304   0.1138   0.1262   0.1259   0.0132   0.0000   0.0010  -0.0305    0.242
    75   0.9482   1.0102   0.1044   0.1205   0.1142   0.1190   0.1186   0.0127   0.0000   0.0006  -0.0291    0.245
    76   1.0518   0.9898   0.1023   0.1105   0.1146   0.1114   0.1110   0.0121   0.0000   0.0003  -0.0275    0.248
    77   1.1547   0.9694   0.0991   0.1006   0.1150   0.1035   0.1032   0.0114   0.0000  -0.0000  -0.0258    0.250
    78   1.2559   0.9494   0.0949   0.0910   0.1153   0.0956   0.0953   0.0106   0.0000  -0.0002  -0.0241    0.252
    79   1.3544   0.9300   0.0899   0.0818   0.1155   0.0877   0.0874   0.0098   0.0000  -0.0004  -0.0222    0.254
    80   1.4489   0.9113   0.0840   0.0731   0.1157   0.0800   0.0798   0.0089   0.0000  -0.0004  -0.0204    0.255
    81   1.5386   0.8936   0.0776   0.0649   0.1159   0.0724   0.0722   0.0082   0.0000  -0.0004  -0.0185    0.256
    82   1.6223   0.8770   0.0705   0.0572   0.1160   0.0650   0.0648   0.0074   0.0000  -0.0004  -0.0166    0.256
    83   1.6992   0.8618   0.0631   0.0499   0.1162   0.0576   0.0575   0.0066   0.0000  -0.0003  -0.0147    0.255
    84   1.7685   0.8481   0.0552   0.0429   0.1164   0.0504   0.0502   0.0058   0.0000  -0.0002  -0.0127    0.253
    85   1.8311   0.8358   0.0499   0.0361   0.1167   0.0430   0.0428   0.0050   0.0000  -0.0000  -0.0108    0.251
    86   1.8859   0.8249   0.0411   0.0293   0.1169   0.0354   0.0353   0.0042   0.0000   0.0001  -0.0088    0.248
    87   1.9304   0.8161   0.0321   0.0227   0.1171   0.0277   0.0276   0.0032   0.0000   0.0001  -0.0068    0.246
    88   1.9643   0.8094   0.0230   0.0162   0.1174   0.0199   0.0198   0.0023   0.0000   0.0001  -0.0048    0.243
    89   1.9871   0.8049   0.0138   0.0097   0.1175   0.0120   0.0119   0.0014   0.0000   0.0001  -0.0029    0.241
    90   1.9986   0.8027   0.0046   0.0032   0.1176   0.0040   0.0040   0.0005   0.0000   0.0000  -0.0010    0.240

  Surface # 4     horizontal_stabilizer (YDUP)            
     # Chordwise = 10   # Spanwise = 30     First strip = 91
     Surface area =    2.000000       Ave. chord =    1.000000
     CLsurf  =   0.01294     Clsurf  =   0.00095
     CYsurf  =   0.00022     Cmsurf  =  -0.03472
     CDsurf  =   0.00137     Cnsurf  =  -0.00010
     CDisurf =   0.00137     CDvsurf =   0.00000

  Forces referred to Ssurf, Cave about hinge axis thru LE
     CLsurf  =   0.11117     CDsurf  =   0.01178
     Deflect =

 Strip Forces referred to Strip Area, Chord
    j      Yle    Chord     Area     c cl      ai      cl_norm  cl       cd       cdv    cm_c/4    cm_LE  C.P.x/c
    91  -0.0014   1.1973   0.0069   0.1808   0.1131   0.1494   0.1490   0.0257   0.0000   0.0023   0.0353    0.235
    92  -0.0129   1.1951   0.0205   0.1807   0.1130   0.1509   0.1504   0.0161   0.0000   0.0023   0.0353    0.235
    93  -0.0357   1.1906   0.0338   0.1806   0.1129   0.1514   0.1510   0.0155   0.0000   0.0024   0.0354    0.234
    94  -0.0696   1.1839   0.0465   0.1803   0.1128   0.1520   0.1515   0.0153   0.0000   0.0025   0.0354    0.234
    95  -0.1141   1.1751   0.0585   0.1795   0.1126   0.1525   0.1520   0.0153   0.0000   0.0026   0.0354    0.233
    96  -0.1689   1.1642   0.0695   0.1781   0.1125   0.1527   0.1523   0.0153   0.0000   0.0027   0.0354    0.233
    97  -0.2315   1.1519   0.0750   0.1759   0.1124   0.1525   0.1520   0.0152   0.0000   0.0027   0.0353    0.232
    98  -0.3008   1.1382   0.0833   0.1728   0.1124   0.1516   0.1511   0.0150   0.0000   0.0027   0.0351    0.232
    99  -0.3777   1.1230   0.0903   0.1685   0.1124   0.1498   0.1493   0.0150   0.0000   0.0026   0.0348    0.233
   100  -0.4614   1.1064   0.0960   0.1631   0.1125   0.1471   0.1466   0.0149   0.0000   0.0024   0.0343    0.234
   101  -0.5511   1.0887   0.1004   0.1564   0.1127   0.1433   0.1429   0.0148   0.0000   0.0021   0.0336    0.235
   102  -0.6456   1.0700   0.1034   0.1486   0.1130   0.1385   0.1381   0.0144   0.0000   0.0018   0.0328    0.237
   103  -0.7441   1.0506   0.1050   0.1398   0.1134   0.1328   0.1324   0.0141   0.0000   0.0014   0.0317    0.240
   104  -0.8453   1.0306   0.1054   0.1304   0.1138   0.1262   0.1259   0.0132   0.0000   0.0010   0.0305    0.242
   105  -0.9482   1.0102   0.1044   0.1205   0.1142   0.1190   0.1186   0.0127   0.0000   0.0006   0.0291    0.245
   106  -1.0518   0.9898   0.1023   0.1105   0.1146   0.1114   0.1110   0.0121   0.0000   0.0003   0.0275    0.248
   107  -1.1547   0.9694   0.0991   0.1006   0.1150   0.1035   0.1032   0.0114   0.0000  -0.0000   0.0258    0.250
   108  -1.2559   0.9494   0.0949   0.0910   0.1153   0.0956   0.0953   0.0106   0.0000  -0.0002   0.0241    0.252
   109  -1.3544   0.9300   0.0899   0.0818   0.1155   0.0877   0.0874   0.0098   0.0000  -0.0004   0.0222    0.254
   110  -1.4489   0.9113   0.0840   0.0731   0.1157   0.0800   0.0798   0.0089   0.0000  -0.0004   0.0204    0.255
   111  -1.5386   0.8936   0.0776   0.0649   0.1159   0.0724   0.0722   0.0082   0.0000  -0.0004   0.0185    0.256
   112  -1.6223   0.8770   0.0705   0.0572   0.1160   0.0650   0.0648   0.0074   0.0000  -0.0004   0.0166    0.256
   113  -1.6992   0.8618   0.0631   0.0499   0.1162   0.0576   0.0575   0.0066   0.0000  -0.0003   0.0147    0.255
   114  -1.7685   0.8481   0.0552   0.0429   0.1164   0.0504   0.0502   0.0058   0.0000  -0.0002   0.0127    0.253
   115  -1.8311   0.8358   0.0499   0.0361   0.1167   0.0430   0.0428   0.0050   0.0000  -0.0000   0.0108    0.251
   116  -1.8859   0.8249   0.0411   0.0293   0.1169   0.0354   0.0353   0.0042   0.0000   0.0001   0.0088    0.248
   117  -1.9304   0.8161   0.0321   0.0227   0.1171   0.0277   0.0276   0.0032   0.0000   0.0001   0.0068    0.246
   118  -1.9643   0.8094   0.0230   0.0162   0.1174   0.0199   0.0198   0.0023   0.0000   0.0001   0.0048    0.243
   119  -1.9871   0.8049   0.0138   0.0097   0.1175   0.0120   0.0119   0.0014   0.0000   0.0001   0.0029    0.241
   120  -1.9986   0.8027   0.0046   0.0032   0.1176   0.0040   0.0040   0.0005   0.0000   0.0000   0.0010    0.240

  Surface # 5     vertical_stabilizer                     
     # Chordwise = 10   # Spanwise = 30     First strip =121
     Surface area =    1.162981       Ave. chord =    0.785002
     CLsurf  =   0.00000     Clsurf  =   0.00000
     CYsurf  =   0.00000     Cmsurf  =  -0.00000
     CDsurf  =  -0.00000     Cnsurf  =  -0.00000
     CDisurf =  -0.00000     CDvsurf =   0.00000

  Forces referred to Ssurf, Cave about hinge axis thru LE
     CLsurf  =  -0.00000     CDsurf  =  -0.00000
     Deflect =

 Strip Forces referred to Strip Area, Chord
    j      Yle    Chord     Area     c cl      ai      cl_norm  cl       cd       cdv    cm_c/4    cm_LE  C.P.x/c
   121   0.0000   1.0573   0.0140  -0.0000   0.0000  -0.0000  -0.0000   0.0000   0.0000  -0.0000   0.0000    0.180
   122   0.0000   1.0509   0.0227  -0.0000   0.0000  -0.0000  -0.0000  -0.0000   0.0000  -0.0000   0.0000    0.186
   123   0.0000   1.0413   0.0311  -0.0000   0.0000  -0.0000  -0.0000  -0.0000   0.0000  -0.0000   0.0000    0.194
   124   0.0000   1.0287   0.0389  -0.0000   0.0000  -0.0000  -0.0000  -0.0000   0.0000  -0.0000   0.0000    0.193
   125   0.0000   1.0133   0.0461  -0.0000   0.0000  -0.0000  -0.0000  -0.0000   0.0000  -0.0000   0.0000    0.188
   126   0.0000   0.9966   0.0440  -0.0000   0.0000  -0.0000  -0.0000   0.0000   0.0000  -0.0000   0.0000    0.198
   127   0.0000   0.9792   0.0488  -0.0000   0.0000  -0.0000  -0.0000  -0.0000   0.0000  -0.0000   0.0000    0.210
   128   0.0000   0.9597   0.0527  -0.0000   0.0000  -0.0000  -0.0000  -0.0000   0.0000  -0.0000   0.0000    0.213
   129   0.0000   0.9385   0.0559  -0.0000   0.0000  -0.0000  -0.0000  -0.0000   0.0000  -0.0000   0.0000    0.216
   130   0.0000   0.9157   0.0582  -0.0000   0.0000  -0.0000  -0.0000  -0.0000   0.0000  -0.0000   0.0000    0.220
   131   0.0000   0.8915   0.0596  -0.0000  -0.0000  -0.0000  -0.0000  -0.0000   0.0000  -0.0000   0.0000    0.219
   132   0.0000   0.8662   0.0602  -0.0000   0.0000  -0.0000  -0.0000  -0.0000   0.0000  -0.0000   0.0000    0.213
   133   0.0000   0.8401   0.0601  -0.0000   0.0000  -0.0000  -0.0000  -0.0000   0.0000  -0.0000   0.0000    0.215
   134   0.0000   0.8133   0.0592  -0.0000   0.0000  -0.0000  -0.0000  -0.0000   0.0000  -0.0000   0.0000    0.219
   135   0.0000   0.7863   0.0576  -0.0000   0.0000  -0.0000  -0.0000  -0.0000   0.0000  -0.0000   0.0000    0.219
   136   0.0000   0.7592   0.0554  -0.0000   0.0000  -0.0000  -0.0000  -0.0000   0.0000  -0.0000   0.0000    0.219
   137   0.0000   0.7323   0.0527  -0.0000   0.0000  -0.0000  -0.0000  -0.0000   0.0000  -0.0000   0.0000    0.217
   138   0.0000   0.7060   0.0495  -0.0000   0.0000  -0.0000  -0.0000  -0.0000   0.0000  -0.0000   0.0000    0.216
   139   0.0000   0.6804   0.0460  -0.0000   0.0000  -0.0000  -0.0000  -0.0000   0.0000  -0.0000   0.0000    0.208
   140   0.0000   0.6560   0.0422  -0.0000  -0.0000  -0.0000  -0.0000  -0.0000   0.0000  -0.0000   0.0000    0.205
   141   0.0000   0.6328   0.0383  -0.0000   0.0000  -0.0000  -0.0000  -0.0000   0.0000  -0.0000   0.0000    0.204
   142   0.0000   0.6112   0.0342  -0.0000   0.0000  -0.0000  -0.0000  -0.0000   0.0000  -0.0000   0.0000    0.196
   143   0.0000   0.5914   0.0301  -0.0000   0.0000  -0.0000  -0.0000  -0.0000   0.0000  -0.0000   0.0000    0.189
   144   0.0000   0.5736   0.0259  -0.0000   0.0000  -0.0000  -0.0000  -0.0000   0.0000  -0.0000   0.0000    0.182
   145   0.0000   0.5570   0.0246  -0.0000   0.0000  -0.0000  -0.0000  -0.0000   0.0000  -0.0000   0.0000    0.171
   146   0.0000   0.5419   0.0200  -0.0000   0.0000  -0.0000  -0.0000  -0.0000   0.0000  -0.0000   0.0000    0.158
   147   0.0000   0.5297   0.0154  -0.0000   0.0000  -0.0000  -0.0000  -0.0000   0.0000  -0.0000   0.0000    0.149
   148   0.0000   0.5204   0.0109  -0.0000   0.0000  -0.0000  -0.0000  -0.0000   0.0000  -0.0000   0.0000    0.146
   149   0.0000   0.5141   0.0065  -0.0000   0.0000  -0.0000  -0.0000  -0.0000   0.0000  -0.0000   0.0000    0.134
   150   0.0000   0.5110   0.0022  -0.0000   0.0000  -0.0000  -0.0000  -0.0000   0.0000  -0.0000   0.0000    0.128
 ---------------------------------------------------------------
