 ---------------------------------------------------------------
 Surface and Strip Forces by surface

  Forces referred to Sref, Cref, Bref about Xref, Yref, Zref
 Standard axis orientation,  X fwd, Z down         

  Surface # 1     main_wing                               
     # Chordwise = 10   # Spanwise = 30     First strip =  1
     Surface area =    8.662745       Ave. chord =    1.689678
     CLsurf  =   0.32672     Clsurf  =  -0.07220
     CYsurf  =  -0.04151     Cmsurf  =  -0.11122
     CDsurf  =   0.01158     Cnsurf  =   0.00546
     CDisurf =   0.01158     CDvsurf =   0.00000

  Forces referred to Ssurf, Cave about hinge axis thru LE
     CLsurf  =   0.65306     CDsurf  =   0.02296
     Deflect =

 Strip Forces referred to Strip Area, Chord
    j      Yle    Chord     Area     c cl      ai      cl_norm  cl       cd       cdv    cm_c/4    cm_LE  C.P.x/c
     1   0.0034   2.1937   0.0299   1.6163  -0.0773   0.7368   0.7368  -0.0815   0.0000  -0.1872  -0.3709    0.504
     2   0.0304   2.1884   0.0891   1.1344  -0.0743   0.5184   0.5184  -0.0063   0.0000  -0.1339  -0.2632    0.508
     3   0.0840   2.1777   0.1468   1.1011  -0.0675   0.5056   0.5056  -0.0015   0.0000  -0.1319  -0.2580    0.511
     4   0.1638   2.1619   0.2017   1.1032  -0.0562   0.5103   0.5103   0.0003   0.0000  -0.1359  -0.2631    0.516
     5   0.2688   2.1410   0.2531   1.1190  -0.0406   0.5226   0.5226   0.0009   0.0000  -0.1438  -0.2741    0.525
     6   0.3979   2.1154   0.3000   1.1557  -0.0210   0.5463   0.5463   0.0057   0.0000  -0.1578  -0.2940    0.539
     7   0.5496   2.0852   0.3417   1.2075   0.0026   0.5791   0.5791   0.0077   0.0000  -0.1772  -0.3215    0.556
     8   0.7223   2.0509   0.3776   1.2542   0.0303   0.6115   0.6115   0.0113   0.0000  -0.1977  -0.3501    0.573
     9   0.9142   2.0128   0.4073   1.3043   0.0626   0.6480   0.6480   0.0193   0.0000  -0.2207  -0.3821    0.591
    10   1.1285   1.9703   0.4526   1.3467   0.0775   0.6835   0.6835   0.0249   0.0000  -0.2411  -0.4114    0.603
    11   1.3637   1.9236   0.4694   1.3611   0.0731   0.7076   0.7076   0.0259   0.0000  -0.2535  -0.4299    0.608
    12   1.6118   1.8743   0.4793   1.3565   0.0729   0.7237   0.7237   0.0271   0.0000  -0.2620  -0.4423    0.612
    13   1.8700   1.8230   0.4823   1.3384   0.0791   0.7342   0.7342   0.0290   0.0000  -0.2677  -0.4506    0.615
    14   2.1357   1.7703   0.4789   1.3134   0.0888   0.7419   0.7419   0.0300   0.0000  -0.2718  -0.4567    0.616
    15   2.4057   1.7167   0.4695   1.2820   0.0924   0.7468   0.7468   0.0305   0.0000  -0.2747  -0.4608    0.618
    16   2.6723   1.6637   0.4384   1.2449   0.0904   0.7483   0.7483   0.0301   0.0000  -0.2764  -0.4628    0.619
    17   2.9325   1.6120   0.4201   1.1985   0.0875   0.7435   0.7435   0.0312   0.0000  -0.2764  -0.4616    0.622
    18   3.1884   1.5612   0.3979   1.1514   0.0853   0.7375   0.7375   0.0306   0.0000  -0.2761  -0.4598    0.624
    19   3.4372   1.5118   0.3724   1.0955   0.0841   0.7247   0.7247   0.0304   0.0000  -0.2740  -0.4546    0.628
    20   3.6775   1.4641   0.3480   1.0345   0.0839   0.7066   0.7066   0.0309   0.0000  -0.2707  -0.4468    0.633
    21   3.9066   1.4186   0.3174   0.9681   0.0850   0.6825   0.6825   0.0310   0.0000  -0.2657  -0.4358    0.639
    22   4.1206   1.3761   0.2853   0.8962   0.0871   0.6513   0.6513   0.0307   0.0000  -0.2585  -0.4208    0.647
    23   4.3172   1.3370   0.2522   0.8193   0.0904   0.6128   0.6128   0.0295   0.0000  -0.2486  -0.4013    0.656
    24   4.4942   1.3019   0.2186   0.7350   0.0948   0.5646   0.5646   0.0285   0.0000  -0.2349  -0.3756    0.666
    25   4.6536   1.2702   0.1944   0.6455   0.1005   0.5082   0.5082   0.0261   0.0000  -0.2168  -0.3434    0.677
    26   4.7929   1.2426   0.1585   0.5440   0.1073   0.4378   0.4378   0.0238   0.0000  -0.1922  -0.3012    0.689
    27   4.9062   1.2201   0.1229   0.4347   0.1150   0.3563   0.3563   0.0204   0.0000  -0.1609  -0.2496    0.702
    28   4.9923   1.2030   0.0875   0.3174   0.1232   0.2639   0.2639   0.0165   0.0000  -0.1222  -0.1879    0.713
    29   5.0502   1.1915   0.0524   0.1941   0.1310   0.1629   0.1629   0.0116   0.0000  -0.0769  -0.1175    0.722
    30   5.0794   1.1857   0.0174   0.0655   0.1360   0.0553   0.0553   0.0043   0.0000  -0.0263  -0.0401    0.726

  Surface # 2     main_wing (YDUP)                        
     # Chordwise = 10   # Spanwise = 30     First strip = 31
     Surface area =    8.662745       Ave. chord =    1.689678
     CLsurf  =   0.32672     Clsurf  =   0.07220
     CYsurf  =   0.04151     Cmsurf  =  -0.11122
     CDsurf  =   0.01158     Cnsurf  =  -0.00546
     CDisurf =   0.01158     CDvsurf =   0.00000

  Forces referred to Ssurf, Cave about hinge axis thru LE
     CLsurf  =   0.65306     CDsurf  =   0.02296
     Deflect =

 Strip Forces referred to Strip Area, Chord
    j      Yle    Chord     Area     c cl      ai      cl_norm  cl       cd       cdv    cm_c/4    cm_LE  C.P.x/c
    31  -0.0034   2.1937   0.0299   1.6163  -0.0773   0.7368   0.7368  -0.0816   0.0000  -0.1872   0.3709    0.504
    32  -0.0304   2.1884   0.0891   1.1344  -0.0743   0.5184   0.5184  -0.0063   0.0000  -0.1339   0.2632    0.508
    33  -0.0840   2.1777   0.1468   1.1011  -0.0675   0.5056   0.5056  -0.0015   0.0000  -0.1319   0.2580    0.511
    34  -0.1638   2.1619   0.2017   1.1032  -0.0562   0.5103   0.5103   0.0003   0.0000  -0.1359   0.2631    0.516
    35  -0.2688   2.1410   0.2531   1.1190  -0.0406   0.5226   0.5226   0.0009   0.0000  -0.1438   0.2741    0.525
    36  -0.3979   2.1154   0.3000   1.1557  -0.0210   0.5463   0.5463   0.0057   0.0000  -0.1578   0.2940    0.539
    37  -0.5496   2.0852   0.3417   1.2075   0.0026   0.5791   0.5791   0.0077   0.0000  -0.1772   0.3215    0.556
    38  -0.7223   2.0509   0.3776   1.2542   0.0303   0.6115   0.6115   0.0113   0.0000  -0.1977   0.3501    0.573
    39  -0.9142   2.0128   0.4073   1.3043   0.0626   0.6480   0.6480   0.0193   0.0000  -0.2207   0.3821    0.591
    40  -1.1285   1.9703   0.4526   1.3467   0.0775   0.6835   0.6835   0.0249   0.0000  -0.2411   0.4114    0.603
    41  -1.3637   1.9236   0.4694   1.3611   0.0731   0.7076   0.7076   0.0259   0.0000  -0.2535   0.4299    0.608
    42  -1.6118   1.8743   0.4793   1.3565   0.0729   0.7237   0.7237   0.0271   0.0000  -0.2620   0.4423    0.612
    43  -1.8700   1.8230   0.4823   1.3384   0.0791   0.7342   0.7342   0.0290   0.0000  -0.2677   0.4506    0.615
    44  -2.1357   1.7703   0.4789   1.3134   0.0888   0.7419   0.7419   0.0300   0.0000  -0.2718   0.4567    0.616
    45  -2.4057   1.7167   0.4695   1.2820   0.0924   0.7468   0.7468   0.0305   0.0000  -0.2747   0.4608    0.618
    46  -2.6723   1.6637   0.4384   1.2449   0.0904   0.7483   0.7483   0.0301   0.0000  -0.2764   0.4628    0.619
    47  -2.9325   1.6120   0.4201   1.1985   0.0875   0.7435   0.7435   0.0312   0.0000  -0.2764   0.4616    0.622
    48  -3.1884   1.5612   0.3979   1.1514   0.0853   0.7375   0.7375   0.0306   0.0000  -0.2761   0.4598    0.624
    49  -3.4372   1.5118   0.3724   1.0955   0.0841   0.7247   0.7247   0.0304   0.0000  -0.2740   0.4546    0.628
    50  -3.6775   1.4641   0.3480   1.0345   0.0839   0.7066   0.7066   0.0309   0.0000  -0.2707   0.4468    0.633
    51  -3.9066   1.4186   0.3174   0.9681   0.0850   0.6825   0.6825   0.0310   0.0000  -0.2657   0.4358    0.639
    52  -4.1206   1.3761   0.2853   0.8962   0.0871   0.6513   0.6513   0.0307   0.0000  -0.2585   0.4208    0.647
    53  -4.3172   1.3370   0.2522   0.8193   0.0904   0.6128   0.6128   0.0295   0.0000  -0.2486   0.4013    0.656
    54  -4.4942   1.3019   0.2186   0.7350   0.0948   0.5646   0.5646   0.0285   0.0000  -0.2349   0.3756    0.666
    55  -4.6536   1.2702   0.1944   0.6455   0.1005   0.5082   0.5082   0.0261   0.0000  -0.2168   0.3434    0.677
    56  -4.7929   1.2426   0.1585   0.5440   0.1073   0.4378   0.4378   0.0238   0.0000  -0.1922   0.3012    0.689
    57  -4.9062   1.2201   0.1229   0.4347   0.1150   0.3563   0.3563   0.0204   0.0000  -0.1609   0.2496    0.702
    58  -4.9923   1.2030   0.0875   0.3174   0.1232   0.2639   0.2639   0.0165   0.0000  -0.1222   0.1879    0.713
    59  -5.0502   1.1915   0.0524   0.1941   0.1310   0.1629   0.1629   0.0116   0.0000  -0.0769   0.1175    0.722
    60  -5.0794   1.1857   0.0174   0.0655   0.1360   0.0553   0.0553   0.0043   0.0000  -0.0263   0.0401    0.726

  Surface # 3     horizontal_stabilizer                   
     # Chordwise = 10   # Spanwise = 30     First strip = 61
     Surface area =    2.000000       Ave. chord =    1.000000
     CLsurf  =  -0.02643     Clsurf  =   0.00237
     CYsurf  =   0.00008     Cmsurf  =   0.06996
     CDsurf  =  -0.00077     Cnsurf  =  -0.00012
     CDisurf =  -0.00077     CDvsurf =   0.00000

  Forces referred to Ssurf, Cave about hinge axis thru LE
     CLsurf  =  -0.22704     CDsurf  =  -0.00664
     Deflect =

 Strip Forces referred to Strip Area, Chord
    j      Yle    Chord     Area     c cl      ai      cl_norm  cl       cd       cdv    cm_c/4    cm_LE  C.P.x/c
    61   0.0014   1.1973   0.0069  -0.2485   0.0076  -0.2082  -0.2076   0.0238   0.0000  -0.0020   0.0497    0.241
    62   0.0129   1.1951   0.0205  -0.2485   0.0077  -0.2086  -0.2079  -0.0011   0.0000  -0.0020   0.0497    0.240
    63   0.0357   1.1906   0.0338  -0.2485   0.0078  -0.2094  -0.2087  -0.0030   0.0000  -0.0021   0.0498    0.240
    64   0.0696   1.1839   0.0465  -0.2485   0.0080  -0.2106  -0.2099  -0.0035   0.0000  -0.0023   0.0499    0.239
    65   0.1141   1.1751   0.0585  -0.2487   0.0082  -0.2123  -0.2117  -0.0038   0.0000  -0.0025   0.0501    0.238
    66   0.1689   1.1642   0.0695  -0.2490   0.0085  -0.2146  -0.2139  -0.0040   0.0000  -0.0029   0.0503    0.236
    67   0.2315   1.1519   0.0750  -0.2496   0.0088  -0.2174  -0.2167  -0.0042   0.0000  -0.0033   0.0506    0.235
    68   0.3008   1.1382   0.0833  -0.2505   0.0092  -0.2208  -0.2201  -0.0045   0.0000  -0.0039   0.0509    0.232
    69   0.3777   1.1230   0.0903  -0.2517   0.0096  -0.2248  -0.2241  -0.0048   0.0000  -0.0045   0.0512    0.230
    70   0.4614   1.1064   0.0960  -0.2531   0.0102  -0.2295  -0.2288  -0.0053   0.0000  -0.0053   0.0516    0.227
    71   0.5511   1.0887   0.1004  -0.2547   0.0108  -0.2347  -0.2340  -0.0053   0.0000  -0.0061   0.0521    0.224
    72   0.6456   1.0700   0.1034  -0.2562   0.0115  -0.2402  -0.2395  -0.0058   0.0000  -0.0071   0.0525    0.220
    73   0.7441   1.0506   0.1050  -0.2574   0.0123  -0.2458  -0.2450  -0.0071   0.0000  -0.0082   0.0528    0.217
    74   0.8453   1.0306   0.1054  -0.2579   0.0129  -0.2510  -0.2503  -0.0075   0.0000  -0.0094   0.0529    0.213
    75   0.9482   1.0102   0.1044  -0.2574   0.0135  -0.2555  -0.2547  -0.0078   0.0000  -0.0106   0.0528    0.209
    76   1.0518   0.9898   0.1023  -0.2554   0.0139  -0.2588  -0.2580  -0.0085   0.0000  -0.0118   0.0525    0.204
    77   1.1547   0.9694   0.0991  -0.2516   0.0141  -0.2604  -0.2596  -0.0087   0.0000  -0.0129   0.0517    0.200
    78   1.2559   0.9494   0.0949  -0.2459   0.0142  -0.2598  -0.2590  -0.0093   0.0000  -0.0140   0.0504    0.196
    79   1.3544   0.9300   0.0899  -0.2379   0.0140  -0.2567  -0.2559  -0.0095   0.0000  -0.0150   0.0487    0.191
    80   1.4489   0.9113   0.0840  -0.2277   0.0137  -0.2506  -0.2499  -0.0100   0.0000  -0.0159   0.0463    0.186
    81   1.5386   0.8936   0.0776  -0.2151   0.0133  -0.2415  -0.2407  -0.0097   0.0000  -0.0165   0.0434    0.181
    82   1.6223   0.8770   0.0705  -0.2003   0.0128  -0.2291  -0.2284  -0.0092   0.0000  -0.0169   0.0400    0.176
    83   1.6992   0.8618   0.0631  -0.1833   0.0123  -0.2134  -0.2127  -0.0086   0.0000  -0.0169   0.0361    0.171
    84   1.7685   0.8481   0.0552  -0.1643   0.0118  -0.1944  -0.1937  -0.0079   0.0000  -0.0165   0.0318    0.165
    85   1.8311   0.8358   0.0499  -0.1432   0.0113  -0.1718  -0.1713  -0.0072   0.0000  -0.0156   0.0271    0.159
    86   1.8859   0.8249   0.0411  -0.1198   0.0108  -0.1456  -0.1452  -0.0059   0.0000  -0.0141   0.0221    0.153
    87   1.9304   0.8161   0.0321  -0.0948   0.0104  -0.1165  -0.1162  -0.0048   0.0000  -0.0119   0.0170    0.147
    88   1.9643   0.8094   0.0230  -0.0686   0.0100  -0.0850  -0.0848  -0.0035   0.0000  -0.0091   0.0120    0.142
    89   1.9871   0.8049   0.0138  -0.0415   0.0098  -0.0518  -0.0516  -0.0023   0.0000  -0.0057   0.0071    0.139
    90   1.9986   0.8027   0.0046  -0.0139   0.0096  -0.0174  -0.0173  -0.0011   0.0000  -0.0020   0.0024    0.137

  Surface # 4     horizontal_stabilizer (YDUP)            
     # Chordwise = 10   # Spanwise = 30     First strip = 91
     Surface area =    2.000000       Ave. chord =    1.000000
     CLsurf  =  -0.02643     Clsurf  =  -0.00237
     CYsurf  =  -0.00008     Cmsurf  =   0.06996
     CDsurf  =  -0.00077     Cnsurf  =   0.00012
     CDisurf =  -0.00077     CDvsurf =   0.00000

  Forces referred to Ssurf, Cave about hinge axis thru LE
     CLsurf  =  -0.22704     CDsurf  =  -0.00664
     Deflect =

 Strip Forces referred to Strip Area, Chord
    j      Yle    Chord     Area     c cl      ai      cl_norm  cl       cd       cdv    cm_c/4    cm_LE  C.P.x/c
    91  -0.0014   1.1973   0.0069  -0.2485   0.0076  -0.2082  -0.2076   0.0238   0.0000  -0.0020  -0.0497    0.241
    92  -0.0129   1.1951   0.0205  -0.2485   0.0077  -0.2086  -0.2079  -0.0011   0.0000  -0.0020  -0.0497    0.240
    93  -0.0357   1.1906   0.0338  -0.2485   0.0078  -0.2094  -0.2087  -0.0030   0.0000  -0.0021  -0.0498    0.240
    94  -0.0696   1.1839   0.0465  -0.2485   0.0080  -0.2106  -0.2099  -0.0035   0.0000  -0.0023  -0.0499    0.239
    95  -0.1141   1.1751   0.0585  -0.2487   0.0082  -0.2123  -0.2117  -0.0038   0.0000  -0.0025  -0.0501    0.238
    96  -0.1689   1.1642   0.0695  -0.2490   0.0085  -0.2146  -0.2139  -0.0040   0.0000  -0.0029  -0.0503    0.236
    97  -0.2315   1.1519   0.0750  -0.2496   0.0088  -0.2174  -0.2167  -0.0042   0.0000  -0.0033  -0.0506    0.235
    98  -0.3008   1.1382   0.0833  -0.2505   0.0092  -0.2208  -0.2201  -0.0045   0.0000  -0.0039  -0.0509    0.232
    99  -0.3777   1.1230   0.0903  -0.2517   0.0096  -0.2248  -0.2241  -0.0048   0.0000  -0.0045  -0.0512    0.230
   100  -0.4614   1.1064   0.0960  -0.2531   0.0102  -0.2295  -0.2288  -0.0053   0.0000  -0.0053  -0.0516    0.227
   101  -0.5511   1.0887   0.1004  -0.2547   0.0108  -0.2347  -0.2339  -0.0053   0.0000  -0.0061  -0.0521    0.224
   102  -0.6456   1.0700   0.1034  -0.2562   0.0115  -0.2402  -0.2395  -0.0058   0.0000  -0.0071  -0.0525    0.220
   103  -0.7441   1.0506   0.1050  -0.2574   0.0123  -0.2458  -0.2450  -0.0071   0.0000  -0.0082  -0.0528    0.217
   104  -0.8453   1.0306   0.1054  -0.2579   0.0129  -0.2510  -0.2503  -0.0075   0.0000  -0.0094  -0.0529    0.213
   105  -0.9482   1.0102   0.1044  -0.2574   0.0135  -0.2555  -0.2547  -0.0078   0.0000  -0.0106  -0.0528    0.209
   106  -1.0518   0.9898   0.1023  -0.2554   0.0139  -0.2588  -0.2580  -0.0085   0.0000  -0.0118  -0.0525    0.204
   107  -1.1547   0.9694   0.0991  -0.2516   0.0142  -0.2604  -0.2596  -0.0087   0.0000  -0.0129  -0.0517    0.200
   108  -1.2559   0.9494   0.0949  -0.2459   0.0142  -0.2598  -0.2590  -0.0093   0.0000  -0.0140  -0.0504    0.196
   109  -1.3544   0.9300   0.0899  -0.2379   0.0140  -0.2567  -0.2559  -0.0095   0.0000  -0.0150  -0.0487    0.191
   110  -1.4489   0.9113   0.0840  -0.2277   0.0137  -0.2506  -0.2499  -0.0100   0.0000  -0.0159  -0.0463    0.186
   111  -1.5386   0.8936   0.0776  -0.2151   0.0133  -0.2415  -0.2407  -0.0097   0.0000  -0.0165  -0.0434    0.181
   112  -1.6223   0.8770   0.0705  -0.2003   0.0128  -0.2291  -0.2284  -0.0092   0.0000  -0.0169  -0.0400    0.176
   113  -1.6992   0.8618   0.0631  -0.1833   0.0123  -0.2134  -0.2127  -0.0086   0.0000  -0.0169  -0.0361    0.171
   114  -1.7685   0.8481   0.0552  -0.1643   0.0118  -0.1944  -0.1937  -0.0079   0.0000  -0.0165  -0.0318    0.165
   115  -1.8311   0.8358   0.0499  -0.1432   0.0113  -0.1718  -0.1713  -0.0072   0.0000  -0.0156  -0.0271    0.159
   116  -1.8859   0.8249   0.0411  -0.1198   0.0108  -0.1456  -0.1452  -0.0059   0.0000  -0.0141  -0.0221    0.153
   117  -1.9304   0.8161   0.0321  -0.0948   0.0104  -0.1165  -0.1162  -0.0048   0.0000  -0.0119  -0.0170    0.147
   118  -1.9643   0.8094   0.0230  -0.0686   0.0100  -0.0850  -0.0848  -0.0035   0.0000  -0.0091  -0.0120    0.142
   119  -1.9871   0.8049   0.0138  -0.0415   0.0098  -0.0518  -0.0516  -0.0023   0.0000  -0.0057  -0.0071    0.139
   120  -1.9986   0.8027   0.0046  -0.0139   0.0096  -0.0174  -0.0173  -0.0011   0.0000  -0.0020  -0.0024    0.137

  Surface # 5     vertical_stabilizer                     
     # Chordwise = 10   # Spanwise = 30     First strip =121
     Surface area =    1.162981       Ave. chord =    0.785002
     CLsurf  =   0.00000     Clsurf  =  -0.00000
     CYsurf  =  -0.00000     Cmsurf  =  -0.00000
     CDsurf  =  -0.00000     Cnsurf  =   0.00000
     CDisurf =  -0.00000     CDvsurf =   0.00000

  Forces referred to Ssurf, Cave about hinge axis thru LE
     CLsurf  =   0.00000     CDsurf  =  -0.00000
     Deflect =

 Strip Forces referred to Strip Area, Chord
    j      Yle    Chord     Area     c cl      ai      cl_norm  cl       cd       cdv    cm_c/4    cm_LE  C.P.x/c
   121   0.0000   1.0573   0.0140   0.0000  -0.0000   0.0000   0.0000   0.0000   0.0000   0.0000  -0.0000    0.230
   122   0.0000   1.0509   0.0227   0.0000  -0.0000   0.0000   0.0000   0.0000   0.0000   0.0000  -0.0000    0.225
   123   0.0000   1.0413   0.0311   0.0000  -0.0000   0.0000   0.0000   0.0000   0.0000   0.0000  -0.0000    0.219
   124   0.0000   1.0287   0.0389   0.0000  -0.0000   0.0000   0.0000   0.0000   0.0000   0.0000  -0.0000    0.216
   125   0.0000   1.0133   0.0461   0.0000  -0.0000   0.0000   0.0000   0.0000   0.0000   0.0000  -0.0000    0.213
   126   0.0000   0.9966   0.0440   0.0000  -0.0000   0.0000   0.0000  -0.0000   0.0000   0.0000  -0.0000    0.211
   127   0.0000   0.9792   0.0488   0.0000  -0.0000   0.0000   0.0000  -0.0000   0.0000   0.0000  -0.0000    0.210
   128   0.0000   0.9597   0.0527   0.0000  -0.0000   0.0000   0.0000  -0.0000   0.0000   0.0000  -0.0000    0.198
   129   0.0000   0.9385   0.0559   0.0000  -0.0000   0.0000   0.0000   0.0000   0.0000   0.0000  -0.0000    0.202
   130   0.0000   0.9157   0.0582   0.0000  -0.0000   0.0000   0.0000   0.0000   0.0000   0.0000  -0.0000    0.205
   131   0.0000   0.8915   0.0596   0.0000  -0.0000   0.0000   0.0000  -0.0000   0.0000   0.0000  -0.0000    0.207
   132   0.0000   0.8662   0.0602   0.0000  -0.0000   0.0000   0.0000  -0.0000   0.0000   0.0000  -0.0000    0.201
   133   0.0000   0.8401   0.0601   0.0000  -0.0000   0.0000   0.0000  -0.0000   0.0000   0.0000  -0.0000    0.202
   134   0.0000   0.8133   0.0592   0.0000  -0.0000   0.0000   0.0000  -0.0000   0.0000   0.0000  -0.0000    0.212
   135   0.0000   0.7863   0.0576   0.0000  -0.0000   0.0000   0.0000  -0.0000   0.0000   0.0000  -0.0000    0.210
   136   0.0000   0.7592   0.0554   0.0000  -0.0000   0.0000   0.0000  -0.0000   0.0000   0.0000  -0.0000    0.207
   137   0.0000   0.7323   0.0527   0.0000  -0.0000   0.0000   0.0000  -0.0000   0.0000   0.0000  -0.0000    0.211
   138   0.0000   0.7060   0.0495   0.0000  -0.0000   0.0000   0.0000  -0.0000   0.0000   0.0000  -0.0000    0.211
   139   0.0000   0.6804   0.0460   0.0000  -0.0000   0.0000   0.0000  -0.0000   0.0000   0.0000  -0.0000    0.204
   140   0.0000   0.6560   0.0422   0.0000  -0.0000   0.0000   0.0000  -0.0000   0.0000   0.0000  -0.0000    0.203
   141   0.0000   0.6328   0.0383   0.0000  -0.0000   0.0000   0.0000  -0.0000   0.0000   0.0000  -0.0000    0.199
   142   0.0000   0.6112   0.0342   0.0000  -0.0000   0.0000   0.0000  -0.0000   0.0000   0.0000  -0.0000    0.197
   143   0.0000   0.5914   0.0301   0.0000  -0.0000   0.0000   0.0000   0.0000   0.0000   0.0000  -0.0000    0.186
   144   0.0000   0.5736   0.0259   0.0000  -0.0000   0.0000   0.0000  -0.0000   0.0000   0.0000  -0.0000    0.190
   145   0.0000   0.5570   0.0246   0.0000  -0.0000   0.0000   0.0000   0.0000   0.0000   0.0000  -0.0000    0.177
   146   0.0000   0.5419   0.0200   0.0000  -0.0000   0.0000   0.0000  -0.0000   0.0000   0.0000  -0.0000    0.168
   147   0.0000   0.5297   0.0154   0.0000  -0.0000   0.0000   0.0000  -0.0000   0.0000   0.0000  -0.0000    0.159
   148   0.0000   0.5204   0.0109   0.0000  -0.0000   0.0000   0.0000  -0.0000   0.0000   0.0000  -0.0000    0.157
   149   0.0000   0.5141   0.0065   0.0000   0.0000   0.0000   0.0000  -0.0000   0.0000   0.0000  -0.0000    0.149
   150   0.0000   0.5110   0.0022   0.0000  -0.0000   0.0000   0.0000  -0.0000   0.0000   0.0000  -0.0000    0.139
 ---------------------------------------------------------------
