 ---------------------------------------------------------------
 Surface and Strip Forces by surface

  Forces referred to Sref, Cref, Bref about Xref, Yref, Zref
 Standard axis orientation,  X fwd, Z down         

  Surface # 1     main_wing                               
     # Chordwise = 10   # Spanwise = 30     First strip =  1
     Surface area =    8.662745       Ave. chord =    1.689678
     CLsurf  =   0.21558     Clsurf  =  -0.04899
     CYsurf  =  -0.02744     Cmsurf  =  -0.06165
     CDsurf  =   0.00544     Cnsurf  =   0.00280
     CDisurf =   0.00544     CDvsurf =   0.00000

  Forces referred to Ssurf, Cave about hinge axis thru LE
     CLsurf  =   0.43091     CDsurf  =   0.01078
     Deflect =

 Strip Forces referred to Strip Area, Chord
    j      Yle    Chord     Area     c cl      ai      cl_norm  cl       cd       cdv    cm_c/4    cm_LE  C.P.x/c
     1   0.0034   2.1937   0.0299   0.7080  -0.0808   0.3228   0.3227  -0.0102   0.0000  -0.0600  -0.1405    0.436
     2   0.0304   2.1884   0.0891   0.6383  -0.0778   0.2917   0.2917  -0.0019   0.0000  -0.0542  -0.1269    0.436
     3   0.0840   2.1777   0.1468   0.6374  -0.0705   0.2927   0.2927  -0.0017   0.0000  -0.0554  -0.1284    0.439
     4   0.1638   2.1619   0.2017   0.6472  -0.0591   0.2994   0.2994  -0.0014   0.0000  -0.0592  -0.1338    0.448
     5   0.2688   2.1410   0.2531   0.6664  -0.0439   0.3113   0.3112  -0.0014   0.0000  -0.0659  -0.1435    0.462
     6   0.3979   2.1154   0.3000   0.6982  -0.0253   0.3301   0.3301   0.0004   0.0000  -0.0763  -0.1586    0.481
     7   0.5496   2.0852   0.3417   0.7404  -0.0035   0.3551   0.3551   0.0020   0.0000  -0.0902  -0.1788    0.504
     8   0.7223   2.0509   0.3776   0.7892   0.0217   0.3848   0.3848   0.0046   0.0000  -0.1068  -0.2027    0.528
     9   0.9142   2.0128   0.4073   0.8413   0.0510   0.4180   0.4180   0.0086   0.0000  -0.1251  -0.2293    0.549
    10   1.1285   1.9703   0.4526   0.8778   0.0632   0.4455   0.4455   0.0114   0.0000  -0.1391  -0.2501    0.562
    11   1.3637   1.9236   0.4694   0.8925   0.0564   0.4640   0.4640   0.0127   0.0000  -0.1465  -0.2621    0.566
    12   1.6118   1.8743   0.4793   0.8937   0.0530   0.4768   0.4768   0.0131   0.0000  -0.1507  -0.2695    0.566
    13   1.8700   1.8230   0.4823   0.8854   0.0543   0.4857   0.4857   0.0136   0.0000  -0.1532  -0.2742    0.565
    14   2.1357   1.7703   0.4789   0.8709   0.0585   0.4920   0.4920   0.0138   0.0000  -0.1547  -0.2773    0.564
    15   2.4057   1.7167   0.4695   0.8524   0.0599   0.4965   0.4965   0.0138   0.0000  -0.1556  -0.2794    0.563
    16   2.6723   1.6637   0.4384   0.8294   0.0586   0.4985   0.4985   0.0136   0.0000  -0.1561  -0.2803    0.563
    17   2.9325   1.6120   0.4201   0.8024   0.0570   0.4978   0.4978   0.0140   0.0000  -0.1561  -0.2801    0.564
    18   3.1884   1.5612   0.3979   0.7735   0.0560   0.4954   0.4954   0.0138   0.0000  -0.1560  -0.2795    0.565
    19   3.4372   1.5118   0.3724   0.7407   0.0560   0.4899   0.4899   0.0139   0.0000  -0.1554  -0.2775    0.567
    20   3.6775   1.4641   0.3480   0.7047   0.0569   0.4813   0.4813   0.0144   0.0000  -0.1545  -0.2745    0.571
    21   3.9066   1.4186   0.3174   0.6649   0.0590   0.4687   0.4687   0.0149   0.0000  -0.1531  -0.2699    0.577
    22   4.1206   1.3761   0.2853   0.6217   0.0622   0.4518   0.4518   0.0152   0.0000  -0.1509  -0.2635    0.584
    23   4.3172   1.3370   0.2522   0.5752   0.0668   0.4302   0.4302   0.0151   0.0000  -0.1476  -0.2548    0.593
    24   4.4942   1.3019   0.2186   0.5232   0.0728   0.4019   0.4019   0.0153   0.0000  -0.1426  -0.2427    0.605
    25   4.6536   1.2702   0.1944   0.4655   0.0807   0.3664   0.3664   0.0149   0.0000  -0.1350  -0.2263    0.619
    26   4.7929   1.2426   0.1585   0.3987   0.0905   0.3209   0.3209   0.0140   0.0000  -0.1234  -0.2033    0.635
    27   4.9062   1.2201   0.1229   0.3240   0.1018   0.2655   0.2655   0.0123   0.0000  -0.1067  -0.1728    0.652
    28   4.9923   1.2030   0.0875   0.2404   0.1141   0.1999   0.1999   0.0101   0.0000  -0.0837  -0.1335    0.669
    29   5.0502   1.1915   0.0524   0.1488   0.1263   0.1249   0.1249   0.0071   0.0000  -0.0541  -0.0852    0.683
    30   5.0794   1.1857   0.0174   0.0505   0.1349   0.0426   0.0426   0.0028   0.0000  -0.0188  -0.0295    0.692

  Surface # 2     main_wing (YDUP)                        
     # Chordwise = 10   # Spanwise = 30     First strip = 31
     Surface area =    8.662745       Ave. chord =    1.689678
     CLsurf  =   0.21558     Clsurf  =   0.04899
     CYsurf  =   0.02744     Cmsurf  =  -0.06165
     CDsurf  =   0.00544     Cnsurf  =  -0.00280
     CDisurf =   0.00544     CDvsurf =   0.00000

  Forces referred to Ssurf, Cave about hinge axis thru LE
     CLsurf  =   0.43091     CDsurf  =   0.01078
     Deflect =

 Strip Forces referred to Strip Area, Chord
    j      Yle    Chord     Area     c cl      ai      cl_norm  cl       cd       cdv    cm_c/4    cm_LE  C.P.x/c
    31  -0.0034   2.1937   0.0299   0.7080  -0.0809   0.3228   0.3227  -0.0102   0.0000  -0.0600   0.1405    0.436
    32  -0.0304   2.1884   0.0891   0.6383  -0.0778   0.2917   0.2917  -0.0019   0.0000  -0.0542   0.1269    0.436
    33  -0.0840   2.1777   0.1468   0.6374  -0.0705   0.2927   0.2927  -0.0017   0.0000  -0.0554   0.1284    0.439
    34  -0.1638   2.1619   0.2017   0.6472  -0.0591   0.2994   0.2994  -0.0014   0.0000  -0.0592   0.1338    0.448
    35  -0.2688   2.1410   0.2531   0.6664  -0.0439   0.3113   0.3112  -0.0014   0.0000  -0.0659   0.1435    0.462
    36  -0.3979   2.1154   0.3000   0.6982  -0.0253   0.3301   0.3301   0.0004   0.0000  -0.0763   0.1586    0.481
    37  -0.5496   2.0852   0.3417   0.7404  -0.0035   0.3551   0.3551   0.0020   0.0000  -0.0902   0.1788    0.504
    38  -0.7223   2.0509   0.3776   0.7892   0.0217   0.3848   0.3848   0.0046   0.0000  -0.1068   0.2027    0.528
    39  -0.9142   2.0128   0.4073   0.8413   0.0510   0.4180   0.4180   0.0086   0.0000  -0.1251   0.2293    0.549
    40  -1.1285   1.9703   0.4526   0.8778   0.0632   0.4455   0.4455   0.0114   0.0000  -0.1391   0.2501    0.562
    41  -1.3637   1.9236   0.4694   0.8925   0.0564   0.4640   0.4640   0.0127   0.0000  -0.1465   0.2621    0.566
    42  -1.6118   1.8743   0.4793   0.8937   0.0530   0.4768   0.4768   0.0131   0.0000  -0.1507   0.2695    0.566
    43  -1.8700   1.8230   0.4823   0.8854   0.0543   0.4857   0.4857   0.0136   0.0000  -0.1532   0.2742    0.565
    44  -2.1357   1.7703   0.4789   0.8709   0.0585   0.4920   0.4920   0.0138   0.0000  -0.1547   0.2773    0.564
    45  -2.4057   1.7167   0.4695   0.8524   0.0599   0.4965   0.4965   0.0138   0.0000  -0.1556   0.2794    0.563
    46  -2.6723   1.6637   0.4384   0.8294   0.0586   0.4985   0.4985   0.0136   0.0000  -0.1561   0.2803    0.563
    47  -2.9325   1.6120   0.4201   0.8024   0.0570   0.4978   0.4978   0.0140   0.0000  -0.1561   0.2801    0.564
    48  -3.1884   1.5612   0.3979   0.7735   0.0560   0.4954   0.4954   0.0138   0.0000  -0.1560   0.2795    0.565
    49  -3.4372   1.5118   0.3724   0.7407   0.0560   0.4899   0.4899   0.0139   0.0000  -0.1554   0.2775    0.567
    50  -3.6775   1.4641   0.3480   0.7047   0.0569   0.4813   0.4813   0.0144   0.0000  -0.1545   0.2745    0.571
    51  -3.9066   1.4186   0.3174   0.6649   0.0590   0.4687   0.4687   0.0149   0.0000  -0.1531   0.2699    0.577
    52  -4.1206   1.3761   0.2853   0.6217   0.0622   0.4518   0.4518   0.0152   0.0000  -0.1509   0.2635    0.584
    53  -4.3172   1.3370   0.2522   0.5752   0.0668   0.4302   0.4302   0.0151   0.0000  -0.1476   0.2548    0.593
    54  -4.4942   1.3019   0.2186   0.5232   0.0728   0.4019   0.4019   0.0153   0.0000  -0.1426   0.2427    0.605
    55  -4.6536   1.2702   0.1944   0.4655   0.0807   0.3664   0.3664   0.0149   0.0000  -0.1350   0.2263    0.619
    56  -4.7929   1.2426   0.1585   0.3987   0.0905   0.3209   0.3209   0.0140   0.0000  -0.1234   0.2033    0.635
    57  -4.9062   1.2201   0.1229   0.3240   0.1018   0.2655   0.2655   0.0123   0.0000  -0.1067   0.1728    0.652
    58  -4.9923   1.2030   0.0875   0.2404   0.1141   0.1999   0.1999   0.0101   0.0000  -0.0837   0.1335    0.669
    59  -5.0502   1.1915   0.0524   0.1488   0.1263   0.1249   0.1249   0.0071   0.0000  -0.0541   0.0852    0.683
    60  -5.0794   1.1857   0.0174   0.0505   0.1349   0.0426   0.0426   0.0028   0.0000  -0.0188   0.0295    0.692

  Surface # 3     horizontal_stabilizer                   
     # Chordwise = 10   # Spanwise = 30     First strip = 61
     Surface area =    2.000000       Ave. chord =    1.000000
     CLsurf  =  -0.01342     Clsurf  =   0.00126
     CYsurf  =   0.00003     Cmsurf  =   0.03568
     CDsurf  =  -0.00032     Cnsurf  =  -0.00005
     CDisurf =  -0.00032     CDvsurf =   0.00000

  Forces referred to Ssurf, Cave about hinge axis thru LE
     CLsurf  =  -0.11525     CDsurf  =  -0.00275
     Deflect =

 Strip Forces referred to Strip Area, Chord
    j      Yle    Chord     Area     c cl      ai      cl_norm  cl       cd       cdv    cm_c/4    cm_LE  C.P.x/c
    61   0.0014   1.1973   0.0069  -0.1124   0.0054  -0.0942  -0.0939   0.0015   0.0000   0.0002   0.0236    0.253
    62   0.0129   1.1951   0.0205  -0.1124   0.0055  -0.0943  -0.0940  -0.0011   0.0000   0.0002   0.0236    0.252
    63   0.0357   1.1906   0.0338  -0.1124   0.0056  -0.0947  -0.0944  -0.0012   0.0000   0.0002   0.0236    0.252
    64   0.0696   1.1839   0.0465  -0.1125   0.0057  -0.0953  -0.0950  -0.0013   0.0000   0.0001   0.0237    0.251
    65   0.1141   1.1751   0.0585  -0.1127   0.0059  -0.0962  -0.0959  -0.0014   0.0000  -0.0000   0.0238    0.250
    66   0.1689   1.1642   0.0695  -0.1132   0.0062  -0.0976  -0.0972  -0.0015   0.0000  -0.0001   0.0240    0.249
    67   0.2315   1.1519   0.0750  -0.1140   0.0065  -0.0993  -0.0990  -0.0015   0.0000  -0.0003   0.0243    0.247
    68   0.3008   1.1382   0.0833  -0.1152   0.0069  -0.1015  -0.1012  -0.0016   0.0000  -0.0005   0.0247    0.245
    69   0.3777   1.1230   0.0903  -0.1168   0.0075  -0.1044  -0.1041  -0.0018   0.0000  -0.0007   0.0252    0.243
    70   0.4614   1.1064   0.0960  -0.1189   0.0081  -0.1078  -0.1075  -0.0019   0.0000  -0.0010   0.0257    0.241
    71   0.5511   1.0887   0.1004  -0.1214   0.0089  -0.1118  -0.1115  -0.0020   0.0000  -0.0013   0.0264    0.238
    72   0.6456   1.0700   0.1034  -0.1240   0.0097  -0.1163  -0.1159  -0.0024   0.0000  -0.0017   0.0272    0.236
    73   0.7441   1.0506   0.1050  -0.1268   0.0106  -0.1210  -0.1207  -0.0028   0.0000  -0.0021   0.0279    0.233
    74   0.8453   1.0306   0.1054  -0.1293   0.0114  -0.1258  -0.1254  -0.0031   0.0000  -0.0025   0.0287    0.230
    75   0.9482   1.0102   0.1044  -0.1313   0.0121  -0.1303  -0.1299  -0.0032   0.0000  -0.0030   0.0294    0.227
    76   1.0518   0.9898   0.1023  -0.1325   0.0126  -0.1343  -0.1338  -0.0035   0.0000  -0.0034   0.0299    0.224
    77   1.1547   0.9694   0.0991  -0.1326   0.0129  -0.1372  -0.1368  -0.0037   0.0000  -0.0039   0.0302    0.222
    78   1.2559   0.9494   0.0949  -0.1315   0.0129  -0.1390  -0.1385  -0.0040   0.0000  -0.0043   0.0301    0.219
    79   1.3544   0.9300   0.0899  -0.1290   0.0127  -0.1392  -0.1388  -0.0041   0.0000  -0.0048   0.0297    0.215
    80   1.4489   0.9113   0.0840  -0.1251   0.0123  -0.1377  -0.1372  -0.0042   0.0000  -0.0053   0.0289    0.212
    81   1.5386   0.8936   0.0776  -0.1195   0.0117  -0.1342  -0.1338  -0.0041   0.0000  -0.0057   0.0276    0.207
    82   1.6223   0.8770   0.0705  -0.1125   0.0110  -0.1287  -0.1283  -0.0040   0.0000  -0.0061   0.0258    0.203
    83   1.6992   0.8618   0.0631  -0.1040   0.0103  -0.1210  -0.1206  -0.0038   0.0000  -0.0064   0.0236    0.197
    84   1.7685   0.8481   0.0552  -0.0940   0.0095  -0.1112  -0.1108  -0.0034   0.0000  -0.0066   0.0210    0.190
    85   1.8311   0.8358   0.0499  -0.0826   0.0087  -0.0991  -0.0988  -0.0030   0.0000  -0.0066   0.0180    0.183
    86   1.8859   0.8249   0.0411  -0.0695   0.0079  -0.0846  -0.0843  -0.0025   0.0000  -0.0063   0.0147    0.176
    87   1.9304   0.8161   0.0321  -0.0554   0.0072  -0.0680  -0.0678  -0.0020   0.0000  -0.0056   0.0113    0.168
    88   1.9643   0.8094   0.0230  -0.0402   0.0067  -0.0499  -0.0497  -0.0014   0.0000  -0.0045   0.0079    0.160
    89   1.9871   0.8049   0.0138  -0.0244   0.0062  -0.0305  -0.0304  -0.0008   0.0000  -0.0029   0.0047    0.154
    90   1.9986   0.8027   0.0046  -0.0082   0.0060  -0.0102  -0.0102  -0.0003   0.0000  -0.0010   0.0015    0.151

  Surface # 4     horizontal_stabilizer (YDUP)            
     # Chordwise = 10   # Spanwise = 30     First strip = 91
     Surface area =    2.000000       Ave. chord =    1.000000
     CLsurf  =  -0.01342     Clsurf  =  -0.00126
     CYsurf  =  -0.00003     Cmsurf  =   0.03568
     CDsurf  =  -0.00032     Cnsurf  =   0.00005
     CDisurf =  -0.00032     CDvsurf =   0.00000

  Forces referred to Ssurf, Cave about hinge axis thru LE
     CLsurf  =  -0.11525     CDsurf  =  -0.00275
     Deflect =

 Strip Forces referred to Strip Area, Chord
    j      Yle    Chord     Area     c cl      ai      cl_norm  cl       cd       cdv    cm_c/4    cm_LE  C.P.x/c
    91  -0.0014   1.1973   0.0069  -0.1124   0.0054  -0.0942  -0.0939   0.0015   0.0000   0.0002  -0.0236    0.253
    92  -0.0129   1.1951   0.0205  -0.1124   0.0055  -0.0943  -0.0940  -0.0011   0.0000   0.0002  -0.0236    0.252
    93  -0.0357   1.1906   0.0338  -0.1124   0.0056  -0.0947  -0.0944  -0.0012   0.0000   0.0002  -0.0236    0.252
    94  -0.0696   1.1839   0.0465  -0.1125   0.0057  -0.0953  -0.0950  -0.0013   0.0000   0.0001  -0.0237    0.251
    95  -0.1141   1.1751   0.0585  -0.1127   0.0059  -0.0962  -0.0959  -0.0014   0.0000  -0.0000  -0.0238    0.250
    96  -0.1689   1.1642   0.0695  -0.1132   0.0062  -0.0976  -0.0972  -0.0015   0.0000  -0.0001  -0.0240    0.249
    97  -0.2315   1.1519   0.0750  -0.1140   0.0065  -0.0993  -0.0990  -0.0015   0.0000  -0.0003  -0.0243    0.247
    98  -0.3008   1.1382   0.0833  -0.1152   0.0069  -0.1015  -0.1012  -0.0016   0.0000  -0.0005  -0.0247    0.245
    99  -0.3777   1.1230   0.0903  -0.1168   0.0075  -0.1044  -0.1041  -0.0018   0.0000  -0.0007  -0.0252    0.243
   100  -0.4614   1.1064   0.0960  -0.1189   0.0081  -0.1078  -0.1075  -0.0019   0.0000  -0.0010  -0.0257    0.241
   101  -0.5511   1.0887   0.1004  -0.1214   0.0089  -0.1118  -0.1115  -0.0020   0.0000  -0.0013  -0.0264    0.238
   102  -0.6456   1.0700   0.1034  -0.1240   0.0097  -0.1163  -0.1159  -0.0024   0.0000  -0.0017  -0.0272    0.236
   103  -0.7441   1.0506   0.1050  -0.1268   0.0106  -0.1210  -0.1207  -0.0028   0.0000  -0.0021  -0.0279    0.233
   104  -0.8453   1.0306   0.1054  -0.1293   0.0114  -0.1258  -0.1254  -0.0031   0.0000  -0.0025  -0.0287    0.230
   105  -0.9482   1.0102   0.1044  -0.1313   0.0121  -0.1303  -0.1299  -0.0032   0.0000  -0.0030  -0.0294    0.227
   106  -1.0518   0.9898   0.1023  -0.1325   0.0126  -0.1343  -0.1338  -0.0035   0.0000  -0.0034  -0.0299    0.224
   107  -1.1547   0.9694   0.0991  -0.1326   0.0129  -0.1372  -0.1368  -0.0037   0.0000  -0.0039  -0.0302    0.222
   108  -1.2559   0.9494   0.0949  -0.1315   0.0129  -0.1390  -0.1385  -0.0040   0.0000  -0.0043  -0.0301    0.219
   109  -1.3544   0.9300   0.0899  -0.1290   0.0127  -0.1392  -0.1388  -0.0041   0.0000  -0.0048  -0.0297    0.215
   110  -1.4489   0.9113   0.0840  -0.1251   0.0123  -0.1377  -0.1372  -0.0042   0.0000  -0.0053  -0.0289    0.212
   111  -1.5386   0.8936   0.0776  -0.1195   0.0117  -0.1342  -0.1338  -0.0041   0.0000  -0.0057  -0.0276    0.207
   112  -1.6223   0.8770   0.0705  -0.1125   0.0110  -0.1287  -0.1283  -0.0040   0.0000  -0.0061  -0.0258    0.203
   113  -1.6992   0.8618   0.0631  -0.1040   0.0103  -0.1210  -0.1206  -0.0038   0.0000  -0.0064  -0.0236    0.197
   114  -1.7685   0.8481   0.0552  -0.0940   0.0095  -0.1112  -0.1108  -0.0034   0.0000  -0.0066  -0.0210    0.190
   115  -1.8311   0.8358   0.0499  -0.0826   0.0087  -0.0991  -0.0988  -0.0030   0.0000  -0.0066  -0.0180    0.183
   116  -1.8859   0.8249   0.0411  -0.0695   0.0079  -0.0846  -0.0843  -0.0025   0.0000  -0.0063  -0.0147    0.176
   117  -1.9304   0.8161   0.0321  -0.0554   0.0072  -0.0680  -0.0678  -0.0020   0.0000  -0.0056  -0.0113    0.168
   118  -1.9643   0.8094   0.0230  -0.0402   0.0067  -0.0499  -0.0497  -0.0014   0.0000  -0.0045  -0.0079    0.160
   119  -1.9871   0.8049   0.0138  -0.0244   0.0062  -0.0305  -0.0304  -0.0008   0.0000  -0.0029  -0.0047    0.154
   120  -1.9986   0.8027   0.0046  -0.0082   0.0060  -0.0102  -0.0102  -0.0003   0.0000  -0.0010  -0.0015    0.151

  Surface # 5     vertical_stabilizer                     
     # Chordwise = 10   # Spanwise = 30     First strip =121
     Surface area =    1.162981       Ave. chord =    0.785002
     CLsurf  =   0.00000     Clsurf  =   0.00000
     CYsurf  =   0.00000     Cmsurf  =  -0.00000
     CDsurf  =  -0.00000     Cnsurf  =  -0.00000
     CDisurf =  -0.00000     CDvsurf =   0.00000

  Forces referred to Ssurf, Cave about hinge axis thru LE
     CLsurf  =  -0.00000     CDsurf  =  -0.00000
     Deflect =

 Strip Forces referred to Strip Area, Chord
    j      Yle    Chord     Area     c cl      ai      cl_norm  cl       cd       cdv    cm_c/4    cm_LE  C.P.x/c
   121   0.0000   1.0573   0.0140  -0.0000  -0.0000  -0.0000  -0.0000   0.0000   0.0000  -0.0000  -0.0000   -0.014
   122   0.0000   1.0509   0.0227  -0.0000  -0.0000  -0.0000  -0.0000  -0.0000   0.0000  -0.0000   0.0000    0.129
   123   0.0000   1.0413   0.0311  -0.0000  -0.0000  -0.0000  -0.0000  -0.0000   0.0000  -0.0000   0.0000    0.125
   124   0.0000   1.0287   0.0389  -0.0000  -0.0000  -0.0000  -0.0000  -0.0000   0.0000  -0.0000   0.0000    0.086
   125   0.0000   1.0133   0.0461  -0.0000   0.0000  -0.0000  -0.0000  -0.0000   0.0000  -0.0000   0.0000    0.137
   126   0.0000   0.9966   0.0440  -0.0000  -0.0000  -0.0000  -0.0000  -0.0000   0.0000  -0.0000   0.0000    0.152
   127   0.0000   0.9792   0.0488  -0.0000  -0.0000  -0.0000  -0.0000  -0.0000   0.0000  -0.0000   0.0000    0.215
   128   0.0000   0.9597   0.0527  -0.0000   0.0000  -0.0000  -0.0000  -0.0000   0.0000  -0.0000   0.0000    0.213
   129   0.0000   0.9385   0.0559  -0.0000   0.0000  -0.0000  -0.0000  -0.0000   0.0000  -0.0000   0.0000    0.231
   130   0.0000   0.9157   0.0582  -0.0000  -0.0000  -0.0000  -0.0000   0.0000   0.0000  -0.0000   0.0000    0.225
   131   0.0000   0.8915   0.0596  -0.0000   0.0000  -0.0000  -0.0000  -0.0000   0.0000  -0.0000   0.0000    0.234
   132   0.0000   0.8662   0.0602  -0.0000   0.0000  -0.0000  -0.0000  -0.0000   0.0000   0.0000   0.0000    0.262
   133   0.0000   0.8401   0.0601  -0.0000  -0.0000  -0.0000  -0.0000  -0.0000   0.0000  -0.0000   0.0000    0.213
   134   0.0000   0.8133   0.0592  -0.0000   0.0000  -0.0000  -0.0000  -0.0000   0.0000  -0.0000   0.0000    0.224
   135   0.0000   0.7863   0.0576  -0.0000   0.0000  -0.0000  -0.0000  -0.0000   0.0000  -0.0000   0.0000    0.245
   136   0.0000   0.7592   0.0554  -0.0000  -0.0000  -0.0000  -0.0000  -0.0000   0.0000  -0.0000   0.0000    0.245
   137   0.0000   0.7323   0.0527  -0.0000   0.0000  -0.0000  -0.0000  -0.0000   0.0000  -0.0000   0.0000    0.247
   138   0.0000   0.7060   0.0495  -0.0000   0.0000  -0.0000  -0.0000  -0.0000   0.0000  -0.0000   0.0000    0.217
   139   0.0000   0.6804   0.0460  -0.0000   0.0000  -0.0000  -0.0000  -0.0000   0.0000  -0.0000   0.0000    0.223
   140   0.0000   0.6560   0.0422  -0.0000   0.0000  -0.0000  -0.0000  -0.0000   0.0000  -0.0000   0.0000    0.216
   141   0.0000   0.6328   0.0383  -0.0000  -0.0000  -0.0000  -0.0000  -0.0000   0.0000  -0.0000   0.0000    0.218
   142   0.0000   0.6112   0.0342  -0.0000  -0.0000  -0.0000  -0.0000  -0.0000   0.0000  -0.0000   0.0000    0.205
   143   0.0000   0.5914   0.0301  -0.0000   0.0000  -0.0000  -0.0000  -0.0000   0.0000  -0.0000   0.0000    0.203
   144   0.0000   0.5736   0.0259  -0.0000   0.0000  -0.0000  -0.0000  -0.0000   0.0000  -0.0000   0.0000    0.185
   145   0.0000   0.5570   0.0246  -0.0000   0.0000  -0.0000  -0.0000  -0.0000   0.0000  -0.0000   0.0000    0.175
   146   0.0000   0.5419   0.0200  -0.0000   0.0000  -0.0000  -0.0000  -0.0000   0.0000  -0.0000   0.0000    0.172
   147   0.0000   0.5297   0.0154  -0.0000  -0.0000  -0.0000  -0.0000  -0.0000   0.0000  -0.0000   0.0000    0.157
   148   0.0000   0.5204   0.0109  -0.0000  -0.0000  -0.0000  -0.0000  -0.0000   0.0000  -0.0000   0.0000    0.146
   149   0.0000   0.5141   0.0065  -0.0000   0.0000  -0.0000  -0.0000  -0.0000   0.0000  -0.0000   0.0000    0.129
   150   0.0000   0.5110   0.0022  -0.0000   0.0000  -0.0000  -0.0000  -0.0000   0.0000  -0.0000   0.0000    0.132
 ---------------------------------------------------------------
