 ---------------------------------------------------------------
 Surface and Strip Forces by surface

  Forces referred to Sref, Cref, Bref about Xref, Yref, Zref
 Standard axis orientation,  X fwd, Z down         

  Surface # 1     main_wing                               
     # Chordwise = 10   # Spanwise = 30     First strip =  1
     Surface area =    8.662745       Ave. chord =    1.689678
     CLsurf  =   0.60213     Clsurf  =  -0.12753
     CYsurf  =  -0.08817     Cmsurf  =  -0.04326
     CDsurf  =   0.03899     Cnsurf  =  -0.01098
     CDisurf =   0.03899     CDvsurf =   0.00000

  Forces referred to Ssurf, Cave about hinge axis thru LE
     CLsurf  =   1.20652     CDsurf  =   0.07732
     Deflect =

 Strip Forces referred to Strip Area, Chord
    j      Yle    Chord     Area     c cl      ai      cl_norm  cl       cd       cdv    cm_c/4    cm_LE  C.P.x/c
     1   0.0034   2.1937   0.0299   3.3984   0.0517   1.5429   1.5419   0.1754   0.0000  -0.0413  -0.4289    0.277
     2   0.0304   2.1884   0.0891   2.4281   0.0533   1.1137   1.1129   0.0766   0.0000  -0.0494  -0.3273    0.294
     3   0.0840   2.1777   0.1468   2.3627   0.0590   1.0908   1.0901   0.0643   0.0000  -0.0514  -0.3231    0.297
     4   0.1638   2.1619   0.2017   2.3544   0.0688   1.0955   1.0948   0.0614   0.0000  -0.0557  -0.3284    0.301
     5   0.2688   2.1410   0.2531   2.3544   0.0823   1.1081   1.1073   0.0511   0.0000  -0.0630  -0.3384    0.307
     6   0.3979   2.1154   0.3000   2.4003   0.0991   1.1412   1.1404   0.0652   0.0000  -0.0723  -0.3564    0.313
     7   0.5496   2.0852   0.3417   2.4347   0.1189   1.1742   1.1734   0.0676   0.0000  -0.0875  -0.3798    0.325
     8   0.7223   2.0509   0.3776   2.4468   0.1419   1.2014   1.2006   0.0598   0.0000  -0.1042  -0.4029    0.337
     9   0.9142   2.0128   0.4073   2.4833   0.1684   1.2410   1.2401   0.0699   0.0000  -0.1216  -0.4304    0.348
    10   1.1285   1.9703   0.4526   2.4820   0.1769   1.2671   1.2662   0.0718   0.0000  -0.1361  -0.4514    0.357
    11   1.3637   1.9236   0.4694   2.4753   0.1645   1.2933   1.2924   0.0790   0.0000  -0.1436  -0.4657    0.361
    12   1.6118   1.8743   0.4793   2.4470   0.1514   1.3122   1.3113   0.0800   0.0000  -0.1480  -0.4747    0.363
    13   1.8700   1.8230   0.4823   2.3930   0.1361   1.3189   1.3180   0.0828   0.0000  -0.1503  -0.4788    0.364
    14   2.1357   1.7703   0.4789   2.3370   0.1211   1.3264   1.3255   0.0833   0.0000  -0.1516  -0.4820    0.364
    15   2.4057   1.7167   0.4695   2.2731   0.1136   1.3305   1.3296   0.0833   0.0000  -0.1523  -0.4836    0.365
    16   2.6723   1.6637   0.4384   2.2038   0.1126   1.3312   1.3303   0.0821   0.0000  -0.1524  -0.4839    0.365
    17   2.9325   1.6120   0.4201   2.1186   0.1142   1.3203   1.3193   0.0844   0.0000  -0.1518  -0.4807    0.365
    18   3.1884   1.5612   0.3979   2.0387   0.1171   1.3120   1.3111   0.0825   0.0000  -0.1511  -0.4779    0.365
    19   3.4372   1.5118   0.3724   1.9424   0.1210   1.2907   1.2898   0.0827   0.0000  -0.1495  -0.4711    0.366
    20   3.6775   1.4641   0.3480   1.8376   0.1262   1.2600   1.2591   0.0856   0.0000  -0.1473  -0.4614    0.367
    21   3.9066   1.4186   0.3174   1.7244   0.1329   1.2195   1.2187   0.0873   0.0000  -0.1443  -0.4485    0.368
    22   4.1206   1.3761   0.2853   1.6016   0.1413   1.1668   1.1660   0.0883   0.0000  -0.1403  -0.4316    0.370
    23   4.3172   1.3370   0.2522   1.4713   0.1515   1.1025   1.1018   0.0873   0.0000  -0.1348  -0.4102    0.372
    24   4.4942   1.3019   0.2186   1.3259   0.1635   1.0193   1.0186   0.0866   0.0000  -0.1274  -0.3822    0.375
    25   4.6536   1.2702   0.1944   1.1673   0.1775   0.9189   0.9182   0.0835   0.0000  -0.1177  -0.3476    0.378
    26   4.7929   1.2426   0.1585   0.9875   0.1933   0.7937   0.7931   0.0780   0.0000  -0.1046  -0.3035    0.382
    27   4.9062   1.2201   0.1229   0.7926   0.2101   0.6481   0.6476   0.0677   0.0000  -0.0880  -0.2505    0.386
    28   4.9923   1.2030   0.0875   0.5804   0.2270   0.4807   0.4804   0.0535   0.0000  -0.0672  -0.1880    0.390
    29   5.0502   1.1915   0.0524   0.3553   0.2429   0.2968   0.2966   0.0349   0.0000  -0.0426  -0.1172    0.394
    30   5.0794   1.1857   0.0174   0.1201   0.2537   0.1007   0.1006   0.0123   0.0000  -0.0147  -0.0400    0.396

  Surface # 2     main_wing (YDUP)                        
     # Chordwise = 10   # Spanwise = 30     First strip = 31
     Surface area =    8.662745       Ave. chord =    1.689678
     CLsurf  =   0.60213     Clsurf  =   0.12753
     CYsurf  =   0.08817     Cmsurf  =  -0.04326
     CDsurf  =   0.03899     Cnsurf  =   0.01098
     CDisurf =   0.03899     CDvsurf =   0.00000

  Forces referred to Ssurf, Cave about hinge axis thru LE
     CLsurf  =   1.20652     CDsurf  =   0.07732
     Deflect =

 Strip Forces referred to Strip Area, Chord
    j      Yle    Chord     Area     c cl      ai      cl_norm  cl       cd       cdv    cm_c/4    cm_LE  C.P.x/c
    31  -0.0034   2.1937   0.0299   3.3984   0.0517   1.5429   1.5418   0.1755   0.0000  -0.0413   0.4289    0.277
    32  -0.0304   2.1884   0.0891   2.4281   0.0533   1.1137   1.1129   0.0766   0.0000  -0.0494   0.3273    0.294
    33  -0.0840   2.1777   0.1468   2.3627   0.0590   1.0908   1.0901   0.0643   0.0000  -0.0514   0.3231    0.297
    34  -0.1638   2.1619   0.2017   2.3544   0.0688   1.0955   1.0948   0.0614   0.0000  -0.0557   0.3284    0.301
    35  -0.2688   2.1410   0.2531   2.3544   0.0823   1.1081   1.1073   0.0511   0.0000  -0.0630   0.3384    0.307
    36  -0.3979   2.1154   0.3000   2.4003   0.0991   1.1412   1.1404   0.0652   0.0000  -0.0723   0.3564    0.313
    37  -0.5496   2.0852   0.3417   2.4347   0.1189   1.1742   1.1734   0.0676   0.0000  -0.0875   0.3798    0.325
    38  -0.7223   2.0509   0.3776   2.4468   0.1419   1.2014   1.2006   0.0598   0.0000  -0.1042   0.4029    0.337
    39  -0.9142   2.0128   0.4073   2.4833   0.1684   1.2410   1.2401   0.0699   0.0000  -0.1216   0.4304    0.348
    40  -1.1285   1.9703   0.4526   2.4820   0.1769   1.2671   1.2662   0.0718   0.0000  -0.1361   0.4514    0.357
    41  -1.3637   1.9236   0.4694   2.4753   0.1645   1.2933   1.2924   0.0790   0.0000  -0.1436   0.4657    0.361
    42  -1.6118   1.8743   0.4793   2.4470   0.1514   1.3122   1.3113   0.0800   0.0000  -0.1480   0.4747    0.363
    43  -1.8700   1.8230   0.4823   2.3930   0.1361   1.3189   1.3180   0.0828   0.0000  -0.1503   0.4788    0.364
    44  -2.1357   1.7703   0.4789   2.3370   0.1211   1.3264   1.3255   0.0833   0.0000  -0.1516   0.4820    0.364
    45  -2.4057   1.7167   0.4695   2.2731   0.1136   1.3305   1.3296   0.0833   0.0000  -0.1523   0.4836    0.365
    46  -2.6723   1.6637   0.4384   2.2038   0.1126   1.3312   1.3303   0.0821   0.0000  -0.1524   0.4839    0.365
    47  -2.9325   1.6120   0.4201   2.1186   0.1142   1.3203   1.3193   0.0844   0.0000  -0.1518   0.4807    0.365
    48  -3.1884   1.5612   0.3979   2.0387   0.1171   1.3120   1.3111   0.0825   0.0000  -0.1511   0.4779    0.365
    49  -3.4372   1.5118   0.3724   1.9424   0.1210   1.2907   1.2898   0.0827   0.0000  -0.1495   0.4711    0.366
    50  -3.6775   1.4641   0.3480   1.8376   0.1262   1.2600   1.2591   0.0856   0.0000  -0.1473   0.4614    0.367
    51  -3.9066   1.4186   0.3174   1.7244   0.1329   1.2195   1.2187   0.0873   0.0000  -0.1443   0.4485    0.368
    52  -4.1206   1.3761   0.2853   1.6016   0.1413   1.1668   1.1660   0.0883   0.0000  -0.1403   0.4316    0.370
    53  -4.3172   1.3370   0.2522   1.4713   0.1515   1.1025   1.1018   0.0873   0.0000  -0.1348   0.4102    0.372
    54  -4.4942   1.3019   0.2186   1.3259   0.1635   1.0193   1.0186   0.0866   0.0000  -0.1274   0.3822    0.375
    55  -4.6536   1.2702   0.1944   1.1673   0.1775   0.9189   0.9182   0.0835   0.0000  -0.1177   0.3476    0.378
    56  -4.7929   1.2426   0.1585   0.9875   0.1933   0.7937   0.7931   0.0780   0.0000  -0.1046   0.3035    0.382
    57  -4.9062   1.2201   0.1229   0.7926   0.2101   0.6481   0.6476   0.0677   0.0000  -0.0880   0.2505    0.386
    58  -4.9923   1.2030   0.0875   0.5804   0.2270   0.4807   0.4804   0.0535   0.0000  -0.0672   0.1880    0.390
    59  -5.0502   1.1915   0.0524   0.3553   0.2429   0.2968   0.2966   0.0349   0.0000  -0.0426   0.1172    0.394
    60  -5.0794   1.1857   0.0174   0.1201   0.2537   0.1007   0.1006   0.0123   0.0000  -0.0147   0.0400    0.396

  Surface # 3     horizontal_stabilizer                   
     # Chordwise = 10   # Spanwise = 30     First strip = 61
     Surface area =    2.000000       Ave. chord =    1.000000
     CLsurf  =   0.02914     Clsurf  =  -0.00237
     CYsurf  =  -0.00064     Cmsurf  =  -0.07854
     CDsurf  =   0.00379     Cnsurf  =   0.00023
     CDisurf =   0.00379     CDvsurf =   0.00000

  Forces referred to Ssurf, Cave about hinge axis thru LE
     CLsurf  =   0.25029     CDsurf  =   0.03252
     Deflect =

 Strip Forces referred to Strip Area, Chord
    j      Yle    Chord     Area     c cl      ai      cl_norm  cl       cd       cdv    cm_c/4    cm_LE  C.P.x/c
    61   0.0014   1.1973   0.0069   0.3528   0.1426   0.2884   0.2875   0.0666   0.0000   0.0015  -0.0718    0.245
    62   0.0129   1.1951   0.0205   0.3528   0.1423   0.2937   0.2928   0.0397   0.0000   0.0016  -0.0719    0.245
    63   0.0357   1.1906   0.0338   0.3526   0.1419   0.2950   0.2941   0.0379   0.0000   0.0017  -0.0720    0.244
    64   0.0696   1.1839   0.0465   0.3522   0.1416   0.2964   0.2955   0.0373   0.0000   0.0019  -0.0721    0.244
    65   0.1141   1.1751   0.0585   0.3512   0.1412   0.2978   0.2969   0.0371   0.0000   0.0021  -0.0722    0.243
    66   0.1689   1.1642   0.0695   0.3494   0.1409   0.2991   0.2982   0.0371   0.0000   0.0024  -0.0723    0.242
    67   0.2315   1.1519   0.0750   0.3466   0.1406   0.2999   0.2990   0.0371   0.0000   0.0025  -0.0723    0.242
    68   0.3008   1.1382   0.0833   0.3427   0.1403   0.3002   0.2993   0.0369   0.0000   0.0026  -0.0723    0.241
    69   0.3777   1.1230   0.0903   0.3375   0.1402   0.2995   0.2986   0.0371   0.0000   0.0026  -0.0721    0.241
    70   0.4614   1.1064   0.0960   0.3308   0.1401   0.2979   0.2970   0.0369   0.0000   0.0026  -0.0717    0.241
    71   0.5511   1.0887   0.1004   0.3225   0.1402   0.2949   0.2940   0.0382   0.0000   0.0025  -0.0712    0.242
    72   0.6456   1.0700   0.1034   0.3127   0.1404   0.2911   0.2902   0.0371   0.0000   0.0023  -0.0703    0.242
    73   0.7441   1.0506   0.1050   0.3017   0.1408   0.2861   0.2852   0.0359   0.0000   0.0022  -0.0692    0.242
    74   0.8453   1.0306   0.1054   0.2894   0.1413   0.2798   0.2790   0.0350   0.0000   0.0021  -0.0678    0.243
    75   0.9482   1.0102   0.1044   0.2762   0.1419   0.2723   0.2714   0.0352   0.0000   0.0020  -0.0660    0.243
    76   1.0518   0.9898   0.1023   0.2623   0.1426   0.2639   0.2631   0.0344   0.0000   0.0019  -0.0640    0.243
    77   1.1547   0.9694   0.0991   0.2479   0.1434   0.2545   0.2538   0.0335   0.0000   0.0020  -0.0616    0.242
    78   1.2559   0.9494   0.0949   0.2331   0.1442   0.2443   0.2435   0.0326   0.0000   0.0022  -0.0589    0.241
    79   1.3544   0.9300   0.0899   0.2178   0.1450   0.2330   0.2323   0.0313   0.0000   0.0024  -0.0558    0.239
    80   1.4489   0.9113   0.0840   0.2023   0.1460   0.2209   0.2202   0.0290   0.0000   0.0028  -0.0524    0.237
    81   1.5386   0.8936   0.0776   0.1863   0.1470   0.2073   0.2067   0.0283   0.0000   0.0033  -0.0486    0.234
    82   1.6223   0.8770   0.0705   0.1698   0.1482   0.1925   0.1919   0.0267   0.0000   0.0038  -0.0444    0.230
    83   1.6992   0.8618   0.0631   0.1528   0.1493   0.1763   0.1757   0.0245   0.0000   0.0042  -0.0399    0.226
    84   1.7685   0.8481   0.0552   0.1352   0.1505   0.1584   0.1579   0.0221   0.0000   0.0046  -0.0350    0.221
    85   1.8311   0.8358   0.0499   0.1166   0.1518   0.1386   0.1382   0.0194   0.0000   0.0049  -0.0298    0.215
    86   1.8859   0.8249   0.0411   0.0968   0.1529   0.1165   0.1162   0.0167   0.0000   0.0048  -0.0244    0.208
    87   1.9304   0.8161   0.0321   0.0762   0.1540   0.0927   0.0925   0.0133   0.0000   0.0044  -0.0188    0.202
    88   1.9643   0.8094   0.0230   0.0550   0.1550   0.0674   0.0672   0.0099   0.0000   0.0036  -0.0133    0.196
    89   1.9871   0.8049   0.0138   0.0332   0.1558   0.0410   0.0408   0.0060   0.0000   0.0024  -0.0079    0.191
    90   1.9986   0.8027   0.0046   0.0111   0.1562   0.0137   0.0137   0.0020   0.0000   0.0008  -0.0026    0.189

  Surface # 4     horizontal_stabilizer (YDUP)            
     # Chordwise = 10   # Spanwise = 30     First strip = 91
     Surface area =    2.000000       Ave. chord =    1.000000
     CLsurf  =   0.02914     Clsurf  =   0.00237
     CYsurf  =   0.00064     Cmsurf  =  -0.07854
     CDsurf  =   0.00379     Cnsurf  =  -0.00023
     CDisurf =   0.00379     CDvsurf =   0.00000

  Forces referred to Ssurf, Cave about hinge axis thru LE
     CLsurf  =   0.25029     CDsurf  =   0.03252
     Deflect =

 Strip Forces referred to Strip Area, Chord
    j      Yle    Chord     Area     c cl      ai      cl_norm  cl       cd       cdv    cm_c/4    cm_LE  C.P.x/c
    91  -0.0014   1.1973   0.0069   0.3528   0.1426   0.2884   0.2875   0.0666   0.0000   0.0015   0.0718    0.245
    92  -0.0129   1.1951   0.0205   0.3528   0.1423   0.2937   0.2928   0.0397   0.0000   0.0016   0.0719    0.245
    93  -0.0357   1.1906   0.0338   0.3526   0.1419   0.2950   0.2941   0.0379   0.0000   0.0017   0.0720    0.244
    94  -0.0696   1.1839   0.0465   0.3522   0.1416   0.2964   0.2955   0.0373   0.0000   0.0019   0.0721    0.244
    95  -0.1141   1.1751   0.0585   0.3512   0.1412   0.2978   0.2969   0.0371   0.0000   0.0021   0.0722    0.243
    96  -0.1689   1.1642   0.0695   0.3494   0.1409   0.2991   0.2982   0.0371   0.0000   0.0024   0.0723    0.242
    97  -0.2315   1.1519   0.0750   0.3466   0.1406   0.2999   0.2990   0.0371   0.0000   0.0025   0.0723    0.242
    98  -0.3008   1.1382   0.0833   0.3427   0.1403   0.3002   0.2993   0.0369   0.0000   0.0026   0.0723    0.241
    99  -0.3777   1.1230   0.0903   0.3375   0.1402   0.2995   0.2986   0.0371   0.0000   0.0026   0.0721    0.241
   100  -0.4614   1.1064   0.0960   0.3308   0.1401   0.2979   0.2970   0.0369   0.0000   0.0026   0.0717    0.241
   101  -0.5511   1.0887   0.1004   0.3225   0.1402   0.2949   0.2940   0.0382   0.0000   0.0025   0.0712    0.242
   102  -0.6456   1.0700   0.1034   0.3127   0.1404   0.2911   0.2902   0.0371   0.0000   0.0023   0.0703    0.242
   103  -0.7441   1.0506   0.1050   0.3017   0.1408   0.2861   0.2852   0.0359   0.0000   0.0022   0.0692    0.242
   104  -0.8453   1.0306   0.1054   0.2894   0.1413   0.2798   0.2790   0.0350   0.0000   0.0021   0.0678    0.243
   105  -0.9482   1.0102   0.1044   0.2762   0.1419   0.2723   0.2714   0.0352   0.0000   0.0020   0.0660    0.243
   106  -1.0518   0.9898   0.1023   0.2623   0.1426   0.2639   0.2631   0.0344   0.0000   0.0019   0.0640    0.243
   107  -1.1547   0.9694   0.0991   0.2479   0.1434   0.2545   0.2538   0.0335   0.0000   0.0020   0.0616    0.242
   108  -1.2559   0.9494   0.0949   0.2331   0.1442   0.2443   0.2435   0.0326   0.0000   0.0022   0.0589    0.241
   109  -1.3544   0.9300   0.0899   0.2178   0.1450   0.2330   0.2323   0.0313   0.0000   0.0024   0.0558    0.239
   110  -1.4489   0.9113   0.0840   0.2023   0.1460   0.2209   0.2202   0.0290   0.0000   0.0028   0.0524    0.237
   111  -1.5386   0.8936   0.0776   0.1863   0.1470   0.2073   0.2067   0.0283   0.0000   0.0033   0.0486    0.234
   112  -1.6223   0.8770   0.0705   0.1698   0.1482   0.1925   0.1919   0.0267   0.0000   0.0038   0.0444    0.230
   113  -1.6992   0.8618   0.0631   0.1528   0.1493   0.1763   0.1757   0.0245   0.0000   0.0042   0.0399    0.226
   114  -1.7685   0.8481   0.0552   0.1352   0.1505   0.1584   0.1579   0.0221   0.0000   0.0046   0.0350    0.221
   115  -1.8311   0.8358   0.0499   0.1166   0.1518   0.1386   0.1382   0.0194   0.0000   0.0049   0.0298    0.215
   116  -1.8859   0.8249   0.0411   0.0968   0.1529   0.1165   0.1162   0.0167   0.0000   0.0048   0.0244    0.208
   117  -1.9304   0.8161   0.0321   0.0762   0.1540   0.0927   0.0925   0.0133   0.0000   0.0044   0.0188    0.202
   118  -1.9643   0.8094   0.0230   0.0550   0.1550   0.0674   0.0672   0.0099   0.0000   0.0036   0.0133    0.196
   119  -1.9871   0.8049   0.0138   0.0332   0.1558   0.0410   0.0408   0.0060   0.0000   0.0024   0.0079    0.191
   120  -1.9986   0.8027   0.0046   0.0111   0.1562   0.0137   0.0137   0.0020   0.0000   0.0008   0.0026    0.189

  Surface # 5     vertical_stabilizer                     
     # Chordwise = 10   # Spanwise = 30     First strip =121
     Surface area =    1.162981       Ave. chord =    0.785002
     CLsurf  =   0.00000     Clsurf  =   0.00000
     CYsurf  =   0.00000     Cmsurf  =  -0.00000
     CDsurf  =  -0.00000     Cnsurf  =  -0.00000
     CDisurf =  -0.00000     CDvsurf =   0.00000

  Forces referred to Ssurf, Cave about hinge axis thru LE
     CLsurf  =  -0.00000     CDsurf  =  -0.00000
     Deflect =

 Strip Forces referred to Strip Area, Chord
    j      Yle    Chord     Area     c cl      ai      cl_norm  cl       cd       cdv    cm_c/4    cm_LE  C.P.x/c
   121   0.0000   1.0573   0.0140  -0.0000   0.0000  -0.0000  -0.0000   0.0000   0.0000  -0.0000   0.0000    0.194
   122   0.0000   1.0509   0.0227  -0.0000   0.0000  -0.0000  -0.0000   0.0000   0.0000  -0.0000   0.0000    0.192
   123   0.0000   1.0413   0.0311  -0.0000   0.0000  -0.0000  -0.0000  -0.0000   0.0000  -0.0000   0.0000    0.202
   124   0.0000   1.0287   0.0389  -0.0000   0.0000  -0.0000  -0.0000   0.0000   0.0000  -0.0000   0.0000    0.200
   125   0.0000   1.0133   0.0461  -0.0000   0.0000  -0.0000  -0.0000  -0.0000   0.0000  -0.0000   0.0000    0.203
   126   0.0000   0.9966   0.0440  -0.0000   0.0000  -0.0000  -0.0000  -0.0000   0.0000  -0.0000   0.0000    0.204
   127   0.0000   0.9792   0.0488  -0.0000  -0.0000  -0.0000  -0.0000  -0.0000   0.0000  -0.0000   0.0000    0.222
   128   0.0000   0.9597   0.0527  -0.0000   0.0000  -0.0000  -0.0000  -0.0000   0.0000  -0.0000   0.0000    0.215
   129   0.0000   0.9385   0.0559  -0.0000   0.0000  -0.0000  -0.0000  -0.0000   0.0000  -0.0000   0.0000    0.212
   130   0.0000   0.9157   0.0582  -0.0000   0.0000  -0.0000  -0.0000  -0.0000   0.0000  -0.0000   0.0000    0.217
   131   0.0000   0.8915   0.0596  -0.0000   0.0000  -0.0000  -0.0000  -0.0000   0.0000  -0.0000   0.0000    0.218
   132   0.0000   0.8662   0.0602  -0.0000   0.0000  -0.0000  -0.0000  -0.0000   0.0000  -0.0000   0.0000    0.218
   133   0.0000   0.8401   0.0601  -0.0000   0.0000  -0.0000  -0.0000  -0.0000   0.0000  -0.0000   0.0000    0.228
   134   0.0000   0.8133   0.0592  -0.0000   0.0000  -0.0000  -0.0000  -0.0000   0.0000  -0.0000   0.0000    0.226
   135   0.0000   0.7863   0.0576  -0.0000   0.0000  -0.0000  -0.0000  -0.0000   0.0000  -0.0000   0.0000    0.224
   136   0.0000   0.7592   0.0554  -0.0000   0.0000  -0.0000  -0.0000  -0.0000   0.0000  -0.0000   0.0000    0.225
   137   0.0000   0.7323   0.0527  -0.0000   0.0000  -0.0000  -0.0000  -0.0000   0.0000  -0.0000   0.0000    0.224
   138   0.0000   0.7060   0.0495  -0.0000   0.0000  -0.0000  -0.0000  -0.0000   0.0000  -0.0000   0.0000    0.224
   139   0.0000   0.6804   0.0460  -0.0000   0.0000  -0.0000  -0.0000  -0.0000   0.0000  -0.0000   0.0000    0.221
   140   0.0000   0.6560   0.0422  -0.0000   0.0000  -0.0000  -0.0000  -0.0000   0.0000  -0.0000   0.0000    0.214
   141   0.0000   0.6328   0.0383  -0.0000   0.0000  -0.0000  -0.0000  -0.0000   0.0000  -0.0000   0.0000    0.214
   142   0.0000   0.6112   0.0342  -0.0000   0.0000  -0.0000  -0.0000  -0.0000   0.0000  -0.0000   0.0000    0.210
   143   0.0000   0.5914   0.0301  -0.0000   0.0000  -0.0000  -0.0000  -0.0000   0.0000  -0.0000   0.0000    0.203
   144   0.0000   0.5736   0.0259  -0.0000   0.0000  -0.0000  -0.0000  -0.0000   0.0000  -0.0000   0.0000    0.196
   145   0.0000   0.5570   0.0246  -0.0000   0.0000  -0.0000  -0.0000  -0.0000   0.0000  -0.0000   0.0000    0.191
   146   0.0000   0.5419   0.0200  -0.0000   0.0000  -0.0000  -0.0000  -0.0000   0.0000  -0.0000   0.0000    0.185
   147   0.0000   0.5297   0.0154  -0.0000   0.0000  -0.0000  -0.0000  -0.0000   0.0000  -0.0000   0.0000    0.175
   148   0.0000   0.5204   0.0109  -0.0000   0.0000  -0.0000  -0.0000  -0.0000   0.0000  -0.0000   0.0000    0.166
   149   0.0000   0.5141   0.0065  -0.0000   0.0000  -0.0000  -0.0000  -0.0000   0.0000  -0.0000   0.0000    0.156
   150   0.0000   0.5110   0.0022  -0.0000   0.0000  -0.0000  -0.0000  -0.0000   0.0000  -0.0000   0.0000    0.153
 ---------------------------------------------------------------
