 ---------------------------------------------------------------
 Surface and Strip Forces by surface

  Forces referred to Sref, Cref, Bref about Xref, Yref, Zref
 Standard axis orientation,  X fwd, Z down         

  Surface # 1     main_wing                               
     # Chordwise = 10   # Spanwise = 30     First strip =  1
     Surface area =    8.662745       Ave. chord =    1.689678
     CLsurf  =   0.14932     Clsurf  =  -0.03509
     CYsurf  =  -0.01843     Cmsurf  =  -0.07031
     CDsurf  =   0.00292     Cnsurf  =   0.00353
     CDisurf =   0.00292     CDvsurf =   0.00000

  Forces referred to Ssurf, Cave about hinge axis thru LE
     CLsurf  =   0.29832     CDsurf  =   0.00578
     Deflect =

 Strip Forces referred to Strip Area, Chord
    j      Yle    Chord     Area     c cl      ai      cl_norm  cl       cd       cdv    cm_c/4    cm_LE  C.P.x/c
     1   0.0034   2.1937   0.0299   0.3844  -0.1080   0.1748   0.1748  -0.0151   0.0000  -0.0688  -0.1125    0.644
     2   0.0304   2.1884   0.0891   0.3392  -0.1048   0.1549   0.1549  -0.0065   0.0000  -0.0638  -0.1024    0.662
     3   0.0840   2.1777   0.1468   0.3401  -0.0972   0.1561   0.1561  -0.0057   0.0000  -0.0651  -0.1040    0.667
     4   0.1638   2.1619   0.2017   0.3507  -0.0855   0.1621   0.1621  -0.0051   0.0000  -0.0691  -0.1095    0.676
     5   0.2688   2.1410   0.2531   0.3712  -0.0700   0.1733   0.1733  -0.0045   0.0000  -0.0761  -0.1193    0.689
     6   0.3979   2.1154   0.3000   0.4051  -0.0509   0.1915   0.1915  -0.0030   0.0000  -0.0870  -0.1347    0.704
     7   0.5496   2.0852   0.3417   0.4493  -0.0283   0.2155   0.2155  -0.0013   0.0000  -0.1014  -0.1550    0.720
     8   0.7223   2.0509   0.3776   0.5015  -0.0022   0.2447   0.2447   0.0009   0.0000  -0.1190  -0.1799    0.736
     9   0.9142   2.0128   0.4073   0.5586   0.0282   0.2779   0.2779   0.0052   0.0000  -0.1381  -0.2071    0.747
    10   1.1285   1.9703   0.4526   0.5991   0.0416   0.3045   0.3045   0.0079   0.0000  -0.1530  -0.2287    0.752
    11   1.3637   1.9236   0.4694   0.6195   0.0363   0.3225   0.3225   0.0079   0.0000  -0.1610  -0.2411    0.749
    12   1.6118   1.8743   0.4793   0.6266   0.0354   0.3348   0.3348   0.0079   0.0000  -0.1658  -0.2490    0.745
    13   1.8700   1.8230   0.4823   0.6252   0.0407   0.3435   0.3435   0.0081   0.0000  -0.1688  -0.2542    0.742
    14   2.1357   1.7703   0.4789   0.6186   0.0495   0.3499   0.3499   0.0082   0.0000  -0.1708  -0.2577    0.738
    15   2.4057   1.7167   0.4695   0.6077   0.0530   0.3545   0.3545   0.0082   0.0000  -0.1720  -0.2601    0.735
    16   2.6723   1.6637   0.4384   0.5936   0.0514   0.3573   0.3573   0.0079   0.0000  -0.1726  -0.2614    0.733
    17   2.9325   1.6120   0.4201   0.5754   0.0490   0.3574   0.3574   0.0083   0.0000  -0.1728  -0.2616    0.733
    18   3.1884   1.5612   0.3979   0.5562   0.0472   0.3567   0.3567   0.0081   0.0000  -0.1728  -0.2615    0.734
    19   3.4372   1.5118   0.3724   0.5337   0.0462   0.3535   0.3535   0.0081   0.0000  -0.1723  -0.2602    0.738
    20   3.6775   1.4641   0.3480   0.5090   0.0462   0.3481   0.3481   0.0084   0.0000  -0.1715  -0.2580    0.743
    21   3.9066   1.4186   0.3174   0.4815   0.0473   0.3399   0.3399   0.0087   0.0000  -0.1700  -0.2545    0.750
    22   4.1206   1.3761   0.2853   0.4517   0.0494   0.3287   0.3287   0.0088   0.0000  -0.1677  -0.2494    0.760
    23   4.3172   1.3370   0.2522   0.4192   0.0528   0.3140   0.3140   0.0087   0.0000  -0.1641  -0.2422    0.773
    24   4.4942   1.3019   0.2186   0.3827   0.0576   0.2945   0.2945   0.0088   0.0000  -0.1585  -0.2317    0.788
    25   4.6536   1.2702   0.1944   0.3422   0.0640   0.2698   0.2698   0.0086   0.0000  -0.1500  -0.2170    0.806
    26   4.7929   1.2426   0.1585   0.2947   0.0722   0.2376   0.2376   0.0082   0.0000  -0.1369  -0.1959    0.826
    27   4.9062   1.2201   0.1229   0.2405   0.0818   0.1975   0.1975   0.0075   0.0000  -0.1181  -0.1671    0.848
    28   4.9923   1.2030   0.0875   0.1793   0.0924   0.1494   0.1494   0.0065   0.0000  -0.0924  -0.1295    0.869
    29   5.0502   1.1915   0.0524   0.1114   0.1031   0.0938   0.0938   0.0052   0.0000  -0.0596  -0.0828    0.886
    30   5.0794   1.1857   0.0174   0.0380   0.1106   0.0321   0.0321   0.0022   0.0000  -0.0207  -0.0287    0.895

  Surface # 2     main_wing (YDUP)                        
     # Chordwise = 10   # Spanwise = 30     First strip = 31
     Surface area =    8.662745       Ave. chord =    1.689678
     CLsurf  =   0.14932     Clsurf  =   0.03509
     CYsurf  =   0.01843     Cmsurf  =  -0.07031
     CDsurf  =   0.00292     Cnsurf  =  -0.00353
     CDisurf =   0.00292     CDvsurf =   0.00000

  Forces referred to Ssurf, Cave about hinge axis thru LE
     CLsurf  =   0.29832     CDsurf  =   0.00578
     Deflect =

 Strip Forces referred to Strip Area, Chord
    j      Yle    Chord     Area     c cl      ai      cl_norm  cl       cd       cdv    cm_c/4    cm_LE  C.P.x/c
    31  -0.0034   2.1937   0.0299   0.3844  -0.1080   0.1748   0.1748  -0.0151   0.0000  -0.0688   0.1125    0.644
    32  -0.0304   2.1884   0.0891   0.3392  -0.1048   0.1549   0.1549  -0.0065   0.0000  -0.0638   0.1024    0.662
    33  -0.0840   2.1777   0.1468   0.3401  -0.0972   0.1561   0.1561  -0.0057   0.0000  -0.0651   0.1040    0.667
    34  -0.1638   2.1619   0.2017   0.3507  -0.0855   0.1621   0.1621  -0.0051   0.0000  -0.0691   0.1095    0.676
    35  -0.2688   2.1410   0.2531   0.3712  -0.0700   0.1733   0.1733  -0.0045   0.0000  -0.0761   0.1193    0.689
    36  -0.3979   2.1154   0.3000   0.4051  -0.0509   0.1915   0.1915  -0.0030   0.0000  -0.0870   0.1347    0.704
    37  -0.5496   2.0852   0.3417   0.4493  -0.0283   0.2155   0.2155  -0.0013   0.0000  -0.1014   0.1550    0.720
    38  -0.7223   2.0509   0.3776   0.5015  -0.0022   0.2447   0.2447   0.0009   0.0000  -0.1190   0.1799    0.736
    39  -0.9142   2.0128   0.4073   0.5586   0.0282   0.2779   0.2779   0.0052   0.0000  -0.1381   0.2071    0.747
    40  -1.1285   1.9703   0.4526   0.5991   0.0416   0.3045   0.3045   0.0079   0.0000  -0.1530   0.2287    0.752
    41  -1.3637   1.9236   0.4694   0.6195   0.0363   0.3225   0.3225   0.0079   0.0000  -0.1610   0.2411    0.749
    42  -1.6118   1.8743   0.4793   0.6266   0.0354   0.3348   0.3348   0.0079   0.0000  -0.1658   0.2490    0.745
    43  -1.8700   1.8230   0.4823   0.6252   0.0407   0.3435   0.3435   0.0081   0.0000  -0.1688   0.2542    0.742
    44  -2.1357   1.7703   0.4789   0.6186   0.0495   0.3499   0.3499   0.0082   0.0000  -0.1708   0.2577    0.738
    45  -2.4057   1.7167   0.4695   0.6077   0.0530   0.3545   0.3545   0.0082   0.0000  -0.1720   0.2601    0.735
    46  -2.6723   1.6637   0.4384   0.5936   0.0514   0.3573   0.3573   0.0079   0.0000  -0.1726   0.2614    0.733
    47  -2.9325   1.6120   0.4201   0.5754   0.0490   0.3574   0.3574   0.0083   0.0000  -0.1728   0.2616    0.733
    48  -3.1884   1.5612   0.3979   0.5562   0.0472   0.3567   0.3567   0.0081   0.0000  -0.1728   0.2615    0.734
    49  -3.4372   1.5118   0.3724   0.5337   0.0462   0.3535   0.3535   0.0081   0.0000  -0.1723   0.2602    0.738
    50  -3.6775   1.4641   0.3480   0.5090   0.0462   0.3481   0.3481   0.0084   0.0000  -0.1715   0.2580    0.743
    51  -3.9066   1.4186   0.3174   0.4815   0.0473   0.3399   0.3399   0.0087   0.0000  -0.1700   0.2545    0.750
    52  -4.1206   1.3761   0.2853   0.4517   0.0494   0.3287   0.3287   0.0088   0.0000  -0.1677   0.2494    0.760
    53  -4.3172   1.3370   0.2522   0.4192   0.0528   0.3140   0.3140   0.0087   0.0000  -0.1641   0.2422    0.773
    54  -4.4942   1.3019   0.2186   0.3827   0.0576   0.2945   0.2945   0.0088   0.0000  -0.1585   0.2317    0.788
    55  -4.6536   1.2702   0.1944   0.3422   0.0640   0.2698   0.2698   0.0086   0.0000  -0.1500   0.2170    0.806
    56  -4.7929   1.2426   0.1585   0.2947   0.0722   0.2376   0.2376   0.0082   0.0000  -0.1369   0.1959    0.826
    57  -4.9062   1.2201   0.1229   0.2405   0.0818   0.1975   0.1975   0.0075   0.0000  -0.1181   0.1671    0.848
    58  -4.9923   1.2030   0.0875   0.1793   0.0924   0.1494   0.1494   0.0065   0.0000  -0.0924   0.1295    0.869
    59  -5.0502   1.1915   0.0524   0.1114   0.1031   0.0938   0.0938   0.0052   0.0000  -0.0596   0.0828    0.886
    60  -5.0794   1.1857   0.0174   0.0380   0.1106   0.0321   0.0321   0.0022   0.0000  -0.0207   0.0287    0.895

  Surface # 3     horizontal_stabilizer                   
     # Chordwise = 10   # Spanwise = 30     First strip = 61
     Surface area =    2.000000       Ave. chord =    1.000000
     CLsurf  =  -0.02386     Clsurf  =   0.00214
     CYsurf  =  -0.00004     Cmsurf  =   0.06334
     CDsurf  =  -0.00005     Cnsurf  =  -0.00006
     CDisurf =  -0.00005     CDvsurf =   0.00000

  Forces referred to Ssurf, Cave about hinge axis thru LE
     CLsurf  =  -0.20496     CDsurf  =  -0.00042
     Deflect =

 Strip Forces referred to Strip Area, Chord
    j      Yle    Chord     Area     c cl      ai      cl_norm  cl       cd       cdv    cm_c/4    cm_LE  C.P.x/c
    61   0.0014   1.1973   0.0069  -0.2250  -0.0226  -0.1881  -0.1876   0.0143   0.0000  -0.0002   0.0466    0.249
    62   0.0129   1.1951   0.0205  -0.2250  -0.0225  -0.1889  -0.1883   0.0028   0.0000  -0.0002   0.0466    0.249
    63   0.0357   1.1906   0.0338  -0.2250  -0.0223  -0.1896  -0.1890   0.0020   0.0000  -0.0003   0.0467    0.249
    64   0.0696   1.1839   0.0465  -0.2250  -0.0220  -0.1907  -0.1901   0.0017   0.0000  -0.0004   0.0468    0.248
    65   0.1141   1.1751   0.0585  -0.2251  -0.0217  -0.1922  -0.1916   0.0014   0.0000  -0.0006   0.0470    0.247
    66   0.1689   1.1642   0.0695  -0.2253  -0.0213  -0.1942  -0.1936   0.0014   0.0000  -0.0009   0.0473    0.246
    67   0.2315   1.1519   0.0750  -0.2257  -0.0209  -0.1966  -0.1960   0.0012   0.0000  -0.0011   0.0476    0.244
    68   0.3008   1.1382   0.0833  -0.2263  -0.0203  -0.1995  -0.1989   0.0011   0.0000  -0.0014   0.0480    0.243
    69   0.3777   1.1230   0.0903  -0.2271  -0.0197  -0.2030  -0.2023   0.0008   0.0000  -0.0017   0.0486    0.241
    70   0.4614   1.1064   0.0960  -0.2282  -0.0189  -0.2070  -0.2063   0.0007   0.0000  -0.0021   0.0492    0.240
    71   0.5511   1.0887   0.1004  -0.2294  -0.0180  -0.2114  -0.2108   0.0008   0.0000  -0.0026   0.0498    0.238
    72   0.6456   1.0700   0.1034  -0.2305  -0.0171  -0.2162  -0.2155   0.0002   0.0000  -0.0031   0.0505    0.236
    73   0.7441   1.0506   0.1050  -0.2313  -0.0162  -0.2210  -0.2203  -0.0006   0.0000  -0.0036   0.0512    0.234
    74   0.8453   1.0306   0.1054  -0.2316  -0.0153  -0.2256  -0.2249  -0.0007   0.0000  -0.0042   0.0517    0.231
    75   0.9482   1.0102   0.1044  -0.2310  -0.0146  -0.2296  -0.2288  -0.0010   0.0000  -0.0048   0.0521    0.229
    76   1.0518   0.9898   0.1023  -0.2292  -0.0142  -0.2325  -0.2318  -0.0012   0.0000  -0.0055   0.0521    0.226
    77   1.1547   0.9694   0.0991  -0.2260  -0.0140  -0.2340  -0.2333  -0.0015   0.0000  -0.0061   0.0519    0.224
    78   1.2559   0.9494   0.0949  -0.2210  -0.0141  -0.2337  -0.2330  -0.0017   0.0000  -0.0068   0.0511    0.221
    79   1.3544   0.9300   0.0899  -0.2142  -0.0145  -0.2312  -0.2305  -0.0021   0.0000  -0.0075   0.0498    0.217
    80   1.4489   0.9113   0.0840  -0.2053  -0.0152  -0.2262  -0.2255  -0.0026   0.0000  -0.0082   0.0479    0.214
    81   1.5386   0.8936   0.0776  -0.1944  -0.0160  -0.2185  -0.2178  -0.0020   0.0000  -0.0089   0.0453    0.209
    82   1.6223   0.8770   0.0705  -0.1815  -0.0170  -0.2078  -0.2072  -0.0021   0.0000  -0.0095   0.0421    0.204
    83   1.6992   0.8618   0.0631  -0.1666  -0.0180  -0.1941  -0.1935  -0.0020   0.0000  -0.0099   0.0382    0.199
    84   1.7685   0.8481   0.0552  -0.1498  -0.0191  -0.1774  -0.1768  -0.0017   0.0000  -0.0102   0.0338    0.193
    85   1.8311   0.8358   0.0499  -0.1309  -0.0202  -0.1573  -0.1568  -0.0015   0.0000  -0.0101   0.0289    0.186
    86   1.8859   0.8249   0.0411  -0.1099  -0.0212  -0.1337  -0.1333  -0.0009   0.0000  -0.0095   0.0236    0.178
    87   1.9304   0.8161   0.0321  -0.0872  -0.0222  -0.1073  -0.1069  -0.0008   0.0000  -0.0084   0.0182    0.171
    88   1.9643   0.8094   0.0230  -0.0632  -0.0230  -0.0784  -0.0782  -0.0004   0.0000  -0.0067   0.0128    0.164
    89   1.9871   0.8049   0.0138  -0.0383  -0.0236  -0.0478  -0.0477  -0.0002   0.0000  -0.0043   0.0075    0.159
    90   1.9986   0.8027   0.0046  -0.0128  -0.0239  -0.0161  -0.0160  -0.0002   0.0000  -0.0015   0.0025    0.156

  Surface # 4     horizontal_stabilizer (YDUP)            
     # Chordwise = 10   # Spanwise = 30     First strip = 91
     Surface area =    2.000000       Ave. chord =    1.000000
     CLsurf  =  -0.02386     Clsurf  =  -0.00214
     CYsurf  =   0.00004     Cmsurf  =   0.06334
     CDsurf  =  -0.00005     Cnsurf  =   0.00006
     CDisurf =  -0.00005     CDvsurf =   0.00000

  Forces referred to Ssurf, Cave about hinge axis thru LE
     CLsurf  =  -0.20496     CDsurf  =  -0.00042
     Deflect =

 Strip Forces referred to Strip Area, Chord
    j      Yle    Chord     Area     c cl      ai      cl_norm  cl       cd       cdv    cm_c/4    cm_LE  C.P.x/c
    91  -0.0014   1.1973   0.0069  -0.2250  -0.0226  -0.1881  -0.1876   0.0143   0.0000  -0.0002  -0.0466    0.249
    92  -0.0129   1.1951   0.0205  -0.2250  -0.0225  -0.1889  -0.1883   0.0028   0.0000  -0.0002  -0.0466    0.249
    93  -0.0357   1.1906   0.0338  -0.2250  -0.0223  -0.1896  -0.1890   0.0020   0.0000  -0.0003  -0.0467    0.249
    94  -0.0696   1.1839   0.0465  -0.2250  -0.0220  -0.1907  -0.1901   0.0017   0.0000  -0.0004  -0.0468    0.248
    95  -0.1141   1.1751   0.0585  -0.2251  -0.0217  -0.1922  -0.1916   0.0014   0.0000  -0.0006  -0.0470    0.247
    96  -0.1689   1.1642   0.0695  -0.2253  -0.0213  -0.1942  -0.1936   0.0014   0.0000  -0.0009  -0.0473    0.246
    97  -0.2315   1.1519   0.0750  -0.2257  -0.0209  -0.1966  -0.1960   0.0012   0.0000  -0.0011  -0.0476    0.244
    98  -0.3008   1.1382   0.0833  -0.2263  -0.0203  -0.1995  -0.1989   0.0011   0.0000  -0.0014  -0.0480    0.243
    99  -0.3777   1.1230   0.0903  -0.2271  -0.0197  -0.2030  -0.2023   0.0008   0.0000  -0.0017  -0.0486    0.241
   100  -0.4614   1.1064   0.0960  -0.2282  -0.0189  -0.2070  -0.2063   0.0007   0.0000  -0.0021  -0.0492    0.240
   101  -0.5511   1.0887   0.1004  -0.2294  -0.0180  -0.2114  -0.2108   0.0008   0.0000  -0.0026  -0.0498    0.238
   102  -0.6456   1.0700   0.1034  -0.2305  -0.0171  -0.2162  -0.2155   0.0002   0.0000  -0.0031  -0.0505    0.236
   103  -0.7441   1.0506   0.1050  -0.2313  -0.0162  -0.2210  -0.2203  -0.0006   0.0000  -0.0036  -0.0512    0.234
   104  -0.8453   1.0306   0.1054  -0.2316  -0.0153  -0.2256  -0.2249  -0.0007   0.0000  -0.0042  -0.0517    0.231
   105  -0.9482   1.0102   0.1044  -0.2310  -0.0146  -0.2296  -0.2288  -0.0010   0.0000  -0.0048  -0.0521    0.229
   106  -1.0518   0.9898   0.1023  -0.2292  -0.0142  -0.2325  -0.2318  -0.0012   0.0000  -0.0055  -0.0521    0.226
   107  -1.1547   0.9694   0.0991  -0.2260  -0.0140  -0.2340  -0.2333  -0.0015   0.0000  -0.0061  -0.0519    0.224
   108  -1.2559   0.9494   0.0949  -0.2210  -0.0141  -0.2337  -0.2330  -0.0017   0.0000  -0.0068  -0.0511    0.221
   109  -1.3544   0.9300   0.0899  -0.2142  -0.0145  -0.2312  -0.2305  -0.0021   0.0000  -0.0075  -0.0498    0.217
   110  -1.4489   0.9113   0.0840  -0.2053  -0.0152  -0.2262  -0.2255  -0.0026   0.0000  -0.0082  -0.0479    0.214
   111  -1.5386   0.8936   0.0776  -0.1944  -0.0160  -0.2185  -0.2178  -0.0020   0.0000  -0.0089  -0.0453    0.209
   112  -1.6223   0.8770   0.0705  -0.1815  -0.0170  -0.2078  -0.2072  -0.0021   0.0000  -0.0095  -0.0421    0.204
   113  -1.6992   0.8618   0.0631  -0.1666  -0.0180  -0.1941  -0.1935  -0.0020   0.0000  -0.0099  -0.0382    0.199
   114  -1.7685   0.8481   0.0552  -0.1498  -0.0191  -0.1774  -0.1768  -0.0017   0.0000  -0.0102  -0.0338    0.193
   115  -1.8311   0.8358   0.0499  -0.1309  -0.0202  -0.1573  -0.1568  -0.0015   0.0000  -0.0101  -0.0289    0.186
   116  -1.8859   0.8249   0.0411  -0.1099  -0.0212  -0.1337  -0.1333  -0.0009   0.0000  -0.0095  -0.0236    0.178
   117  -1.9304   0.8161   0.0321  -0.0872  -0.0222  -0.1073  -0.1069  -0.0008   0.0000  -0.0084  -0.0182    0.171
   118  -1.9643   0.8094   0.0230  -0.0632  -0.0230  -0.0784  -0.0782  -0.0004   0.0000  -0.0067  -0.0128    0.164
   119  -1.9871   0.8049   0.0138  -0.0383  -0.0236  -0.0478  -0.0477  -0.0002   0.0000  -0.0043  -0.0075    0.159
   120  -1.9986   0.8027   0.0046  -0.0128  -0.0239  -0.0161  -0.0160  -0.0002   0.0000  -0.0015  -0.0025    0.156

  Surface # 5     vertical_stabilizer                     
     # Chordwise = 10   # Spanwise = 30     First strip =121
     Surface area =    1.162981       Ave. chord =    0.785002
     CLsurf  =   0.00000     Clsurf  =  -0.00000
     CYsurf  =  -0.00000     Cmsurf  =  -0.00000
     CDsurf  =  -0.00000     Cnsurf  =   0.00000
     CDisurf =  -0.00000     CDvsurf =   0.00000

  Forces referred to Ssurf, Cave about hinge axis thru LE
     CLsurf  =   0.00000     CDsurf  =  -0.00000
     Deflect =

 Strip Forces referred to Strip Area, Chord
    j      Yle    Chord     Area     c cl      ai      cl_norm  cl       cd       cdv    cm_c/4    cm_LE  C.P.x/c
   121   0.0000   1.0573   0.0140   0.0000  -0.0000   0.0000   0.0000   0.0000   0.0000   0.0000  -0.0000    0.172
   122   0.0000   1.0509   0.0227   0.0000  -0.0000   0.0000   0.0000   0.0000   0.0000   0.0000  -0.0000    0.171
   123   0.0000   1.0413   0.0311   0.0000  -0.0000   0.0000   0.0000  -0.0000   0.0000   0.0000  -0.0000    0.177
   124   0.0000   1.0287   0.0389   0.0000  -0.0000   0.0000   0.0000   0.0000   0.0000   0.0000  -0.0000    0.192
   125   0.0000   1.0133   0.0461   0.0000  -0.0000   0.0000   0.0000   0.0000   0.0000   0.0000  -0.0000    0.177
   126   0.0000   0.9966   0.0440   0.0000  -0.0000   0.0000   0.0000  -0.0000   0.0000   0.0000  -0.0000    0.180
   127   0.0000   0.9792   0.0488   0.0000  -0.0000   0.0000   0.0000  -0.0000   0.0000   0.0000  -0.0000    0.193
   128   0.0000   0.9597   0.0527   0.0000  -0.0000   0.0000   0.0000  -0.0000   0.0000   0.0000  -0.0000    0.204
   129   0.0000   0.9385   0.0559   0.0000  -0.0000   0.0000   0.0000  -0.0000   0.0000   0.0000  -0.0000    0.228
   130   0.0000   0.9157   0.0582   0.0000  -0.0000   0.0000   0.0000  -0.0000   0.0000   0.0000  -0.0000    0.222
   131   0.0000   0.8915   0.0596   0.0000  -0.0000   0.0000   0.0000  -0.0000   0.0000   0.0000  -0.0000    0.221
   132   0.0000   0.8662   0.0602   0.0000   0.0000   0.0000   0.0000  -0.0000   0.0000   0.0000  -0.0000    0.234
   133   0.0000   0.8401   0.0601   0.0000  -0.0000   0.0000   0.0000  -0.0000   0.0000   0.0000  -0.0000    0.227
   134   0.0000   0.8133   0.0592   0.0000  -0.0000   0.0000   0.0000  -0.0000   0.0000   0.0000  -0.0000    0.246
   135   0.0000   0.7863   0.0576   0.0000  -0.0000   0.0000   0.0000  -0.0000   0.0000   0.0000  -0.0000    0.246
   136   0.0000   0.7592   0.0554   0.0000  -0.0000   0.0000   0.0000  -0.0000   0.0000  -0.0000  -0.0000    0.255
   137   0.0000   0.7323   0.0527   0.0000  -0.0000   0.0000   0.0000  -0.0000   0.0000   0.0000  -0.0000    0.248
   138   0.0000   0.7060   0.0495   0.0000  -0.0000   0.0000   0.0000  -0.0000   0.0000   0.0000  -0.0000    0.246
   139   0.0000   0.6804   0.0460   0.0000  -0.0000   0.0000   0.0000  -0.0000   0.0000   0.0000  -0.0000    0.240
   140   0.0000   0.6560   0.0422   0.0000  -0.0000   0.0000   0.0000  -0.0000   0.0000   0.0000  -0.0000    0.231
   141   0.0000   0.6328   0.0383   0.0000   0.0000   0.0000   0.0000  -0.0000   0.0000   0.0000  -0.0000    0.235
   142   0.0000   0.6112   0.0342   0.0000  -0.0000   0.0000   0.0000  -0.0000   0.0000   0.0000  -0.0000    0.226
   143   0.0000   0.5914   0.0301   0.0000  -0.0000   0.0000   0.0000  -0.0000   0.0000   0.0000  -0.0000    0.219
   144   0.0000   0.5736   0.0259   0.0000  -0.0000   0.0000   0.0000  -0.0000   0.0000   0.0000  -0.0000    0.211
   145   0.0000   0.5570   0.0246   0.0000  -0.0000   0.0000   0.0000  -0.0000   0.0000   0.0000  -0.0000    0.180
   146   0.0000   0.5419   0.0200   0.0000  -0.0000   0.0000   0.0000   0.0000   0.0000   0.0000  -0.0000    0.191
   147   0.0000   0.5297   0.0154   0.0000  -0.0000   0.0000   0.0000  -0.0000   0.0000   0.0000  -0.0000    0.181
   148   0.0000   0.5204   0.0109   0.0000  -0.0000   0.0000   0.0000  -0.0000   0.0000   0.0000  -0.0000    0.193
   149   0.0000   0.5141   0.0065   0.0000  -0.0000   0.0000   0.0000  -0.0000   0.0000   0.0000  -0.0000    0.178
   150   0.0000   0.5110   0.0022   0.0000  -0.0000   0.0000   0.0000  -0.0000   0.0000   0.0000  -0.0000    0.192
 ---------------------------------------------------------------
