 ---------------------------------------------------------------
 Surface and Strip Forces by surface

  Forces referred to Sref, Cref, Bref about Xref, Yref, Zref
 Standard axis orientation,  X fwd, Z down         

  Surface # 1     main_wing                               
     # Chordwise = 10   # Spanwise = 30     First strip =  1
     Surface area =    8.662745       Ave. chord =    1.689678
     CLsurf  =   0.35011     Clsurf  =  -0.07710
     CYsurf  =  -0.04593     Cmsurf  =  -0.07582
     CDsurf  =   0.01345     Cnsurf  =   0.00250
     CDisurf =   0.01345     CDvsurf =   0.00000

  Forces referred to Ssurf, Cave about hinge axis thru LE
     CLsurf  =   0.70017     CDsurf  =   0.02667
     Deflect =

 Strip Forces referred to Strip Area, Chord
    j      Yle    Chord     Area     c cl      ai      cl_norm  cl       cd       cdv    cm_c/4    cm_LE  C.P.x/c
     1   0.0034   2.1937   0.0299   1.5495  -0.0508   0.7072   0.7071  -0.0100   0.0000  -0.0973  -0.2736    0.388
     2   0.0304   2.1884   0.0891   1.2357  -0.0481   0.5647   0.5647   0.0092   0.0000  -0.0789  -0.2199    0.390
     3   0.0840   2.1777   0.1468   1.2163  -0.0412   0.5586   0.5585   0.0091   0.0000  -0.0793  -0.2187    0.392
     4   0.1638   2.1619   0.2017   1.2218  -0.0301   0.5652   0.5652   0.0089   0.0000  -0.0832  -0.2243    0.397
     5   0.2688   2.1410   0.2531   1.2383  -0.0150   0.5785   0.5784   0.0087   0.0000  -0.0908  -0.2351    0.407
     6   0.3979   2.1154   0.3000   1.2741   0.0038   0.6023   0.6022   0.0122   0.0000  -0.1027  -0.2530    0.420
     7   0.5496   2.0852   0.3417   1.3149   0.0262   0.6305   0.6305   0.0144   0.0000  -0.1182  -0.2755    0.437
     8   0.7223   2.0509   0.3776   1.3608   0.0523   0.6634   0.6633   0.0158   0.0000  -0.1371  -0.3026    0.457
     9   0.9142   2.0128   0.4073   1.4121   0.0825   0.7013   0.7012   0.0206   0.0000  -0.1582  -0.3332    0.476
    10   1.1285   1.9703   0.4526   1.4432   0.0951   0.7321   0.7320   0.0260   0.0000  -0.1743  -0.3570    0.488
    11   1.3637   1.9236   0.4694   1.4524   0.0880   0.7546   0.7545   0.0287   0.0000  -0.1835  -0.3719    0.493
    12   1.6118   1.8743   0.4793   1.4438   0.0838   0.7698   0.7697   0.0300   0.0000  -0.1892  -0.3814    0.496
    13   1.8700   1.8230   0.4823   1.4234   0.0834   0.7802   0.7802   0.0316   0.0000  -0.1929  -0.3877    0.497
    14   2.1357   1.7703   0.4789   1.3959   0.0857   0.7879   0.7879   0.0321   0.0000  -0.1953  -0.3920    0.498
    15   2.4057   1.7167   0.4695   1.3616   0.0861   0.7926   0.7925   0.0325   0.0000  -0.1969  -0.3947    0.498
    16   2.6723   1.6637   0.4384   1.3219   0.0846   0.7940   0.7939   0.0323   0.0000  -0.1976  -0.3958    0.499
    17   2.9325   1.6120   0.4201   1.2732   0.0831   0.7892   0.7892   0.0334   0.0000  -0.1973  -0.3943    0.500
    18   3.1884   1.5612   0.3979   1.2246   0.0825   0.7838   0.7837   0.0326   0.0000  -0.1971  -0.3927    0.501
    19   3.4372   1.5118   0.3724   1.1669   0.0828   0.7713   0.7712   0.0328   0.0000  -0.1958  -0.3883    0.504
    20   3.6775   1.4641   0.3480   1.1047   0.0842   0.7539   0.7538   0.0336   0.0000  -0.1938  -0.3820    0.507
    21   3.9066   1.4186   0.3174   1.0372   0.0868   0.7304   0.7304   0.0338   0.0000  -0.1910  -0.3733    0.511
    22   4.1206   1.3761   0.2853   0.9629   0.0906   0.6990   0.6990   0.0340   0.0000  -0.1867  -0.3612    0.517
    23   4.3172   1.3370   0.2522   0.8838   0.0957   0.6603   0.6602   0.0333   0.0000  -0.1809  -0.3457    0.524
    24   4.4942   1.3019   0.2186   0.7966   0.1023   0.6112   0.6112   0.0325   0.0000  -0.1725  -0.3251    0.532
    25   4.6536   1.2702   0.1944   0.7017   0.1103   0.5517   0.5517   0.0308   0.0000  -0.1609  -0.2987    0.542
    26   4.7929   1.2426   0.1585   0.5941   0.1199   0.4775   0.4774   0.0282   0.0000  -0.1445  -0.2637    0.553
    27   4.9062   1.2201   0.1229   0.4772   0.1306   0.3906   0.3905   0.0241   0.0000  -0.1226  -0.2201    0.564
    28   4.9923   1.2030   0.0875   0.3502   0.1418   0.2907   0.2907   0.0190   0.0000  -0.0944  -0.1670    0.575
    29   5.0502   1.1915   0.0524   0.2148   0.1527   0.1799   0.1799   0.0126   0.0000  -0.0601  -0.1050    0.584
    30   5.0794   1.1857   0.0174   0.0726   0.1600   0.0611   0.0611   0.0047   0.0000  -0.0207  -0.0360    0.589

  Surface # 2     main_wing (YDUP)                        
     # Chordwise = 10   # Spanwise = 30     First strip = 31
     Surface area =    8.662745       Ave. chord =    1.689678
     CLsurf  =   0.35010     Clsurf  =   0.07710
     CYsurf  =   0.04593     Cmsurf  =  -0.07582
     CDsurf  =   0.01345     Cnsurf  =  -0.00250
     CDisurf =   0.01345     CDvsurf =   0.00000

  Forces referred to Ssurf, Cave about hinge axis thru LE
     CLsurf  =   0.70017     CDsurf  =   0.02667
     Deflect =

 Strip Forces referred to Strip Area, Chord
    j      Yle    Chord     Area     c cl      ai      cl_norm  cl       cd       cdv    cm_c/4    cm_LE  C.P.x/c
    31  -0.0034   2.1937   0.0299   1.5495  -0.0508   0.7072   0.7071  -0.0100   0.0000  -0.0973   0.2736    0.388
    32  -0.0304   2.1884   0.0891   1.2357  -0.0481   0.5647   0.5647   0.0092   0.0000  -0.0789   0.2199    0.390
    33  -0.0840   2.1777   0.1468   1.2163  -0.0412   0.5586   0.5585   0.0091   0.0000  -0.0793   0.2187    0.392
    34  -0.1638   2.1619   0.2017   1.2218  -0.0301   0.5652   0.5652   0.0089   0.0000  -0.0832   0.2243    0.397
    35  -0.2688   2.1410   0.2531   1.2383  -0.0150   0.5785   0.5784   0.0087   0.0000  -0.0908   0.2351    0.407
    36  -0.3979   2.1154   0.3000   1.2741   0.0038   0.6023   0.6022   0.0122   0.0000  -0.1027   0.2530    0.420
    37  -0.5496   2.0852   0.3417   1.3149   0.0262   0.6305   0.6305   0.0144   0.0000  -0.1182   0.2755    0.437
    38  -0.7223   2.0509   0.3776   1.3608   0.0523   0.6634   0.6633   0.0158   0.0000  -0.1371   0.3026    0.457
    39  -0.9142   2.0128   0.4073   1.4121   0.0825   0.7013   0.7012   0.0206   0.0000  -0.1582   0.3332    0.476
    40  -1.1285   1.9703   0.4526   1.4432   0.0951   0.7321   0.7320   0.0260   0.0000  -0.1743   0.3570    0.488
    41  -1.3637   1.9236   0.4694   1.4524   0.0880   0.7546   0.7545   0.0287   0.0000  -0.1835   0.3719    0.493
    42  -1.6118   1.8743   0.4793   1.4438   0.0838   0.7698   0.7697   0.0300   0.0000  -0.1892   0.3814    0.496
    43  -1.8700   1.8230   0.4823   1.4234   0.0834   0.7802   0.7802   0.0316   0.0000  -0.1929   0.3877    0.497
    44  -2.1357   1.7703   0.4789   1.3959   0.0857   0.7879   0.7879   0.0321   0.0000  -0.1953   0.3920    0.498
    45  -2.4057   1.7167   0.4695   1.3616   0.0861   0.7926   0.7925   0.0325   0.0000  -0.1969   0.3947    0.498
    46  -2.6723   1.6637   0.4384   1.3219   0.0846   0.7940   0.7939   0.0323   0.0000  -0.1976   0.3958    0.499
    47  -2.9325   1.6120   0.4201   1.2732   0.0831   0.7892   0.7892   0.0334   0.0000  -0.1973   0.3943    0.500
    48  -3.1884   1.5612   0.3979   1.2246   0.0825   0.7838   0.7837   0.0326   0.0000  -0.1971   0.3927    0.501
    49  -3.4372   1.5118   0.3724   1.1669   0.0828   0.7713   0.7712   0.0328   0.0000  -0.1958   0.3883    0.504
    50  -3.6775   1.4641   0.3480   1.1047   0.0842   0.7539   0.7538   0.0336   0.0000  -0.1938   0.3820    0.507
    51  -3.9066   1.4186   0.3174   1.0372   0.0868   0.7304   0.7304   0.0338   0.0000  -0.1910   0.3733    0.511
    52  -4.1206   1.3761   0.2853   0.9629   0.0906   0.6990   0.6990   0.0340   0.0000  -0.1867   0.3612    0.517
    53  -4.3172   1.3370   0.2522   0.8838   0.0957   0.6603   0.6602   0.0333   0.0000  -0.1809   0.3457    0.524
    54  -4.4942   1.3019   0.2186   0.7966   0.1023   0.6112   0.6112   0.0325   0.0000  -0.1725   0.3251    0.532
    55  -4.6536   1.2702   0.1944   0.7017   0.1103   0.5517   0.5517   0.0308   0.0000  -0.1609   0.2987    0.542
    56  -4.7929   1.2426   0.1585   0.5941   0.1199   0.4775   0.4774   0.0282   0.0000  -0.1445   0.2637    0.553
    57  -4.9062   1.2201   0.1229   0.4772   0.1306   0.3906   0.3905   0.0241   0.0000  -0.1226   0.2201    0.564
    58  -4.9923   1.2030   0.0875   0.3502   0.1418   0.2907   0.2907   0.0190   0.0000  -0.0944   0.1670    0.575
    59  -5.0502   1.1915   0.0524   0.2148   0.1527   0.1799   0.1799   0.0126   0.0000  -0.0601   0.1050    0.584
    60  -5.0794   1.1857   0.0174   0.0726   0.1600   0.0611   0.0611   0.0047   0.0000  -0.0207   0.0360    0.589

  Surface # 3     horizontal_stabilizer                   
     # Chordwise = 10   # Spanwise = 30     First strip = 61
     Surface area =    2.000000       Ave. chord =    1.000000
     CLsurf  =  -0.00917     Clsurf  =   0.00092
     CYsurf  =   0.00006     Cmsurf  =   0.02438
     CDsurf  =  -0.00046     Cnsurf  =  -0.00005
     CDisurf =  -0.00046     CDvsurf =   0.00000

  Forces referred to Ssurf, Cave about hinge axis thru LE
     CLsurf  =  -0.07879     CDsurf  =  -0.00395
     Deflect =

 Strip Forces referred to Strip Area, Chord
    j      Yle    Chord     Area     c cl      ai      cl_norm  cl       cd       cdv    cm_c/4    cm_LE  C.P.x/c
    61   0.0014   1.1973   0.0069  -0.0625   0.0372  -0.0523  -0.0522  -0.0010   0.0000   0.0006   0.0136    0.262
    62   0.0129   1.1951   0.0205  -0.0625   0.0372  -0.0524  -0.0522  -0.0020   0.0000   0.0006   0.0136    0.262
    63   0.0357   1.1906   0.0338  -0.0625   0.0373  -0.0526  -0.0525  -0.0021   0.0000   0.0006   0.0137    0.262
    64   0.0696   1.1839   0.0465  -0.0627   0.0374  -0.0531  -0.0529  -0.0021   0.0000   0.0006   0.0137    0.261
    65   0.1141   1.1751   0.0585  -0.0631   0.0375  -0.0538  -0.0536  -0.0022   0.0000   0.0005   0.0138    0.259
    66   0.1689   1.1642   0.0695  -0.0638   0.0376  -0.0549  -0.0547  -0.0022   0.0000   0.0004   0.0140    0.257
    67   0.2315   1.1519   0.0750  -0.0650   0.0378  -0.0565  -0.0563  -0.0023   0.0000   0.0002   0.0142    0.253
    68   0.3008   1.1382   0.0833  -0.0667   0.0381  -0.0587  -0.0585  -0.0024   0.0000  -0.0000   0.0145    0.249
    69   0.3777   1.1230   0.0903  -0.0690   0.0385  -0.0616  -0.0614  -0.0026   0.0000  -0.0003   0.0150    0.245
    70   0.4614   1.1064   0.0960  -0.0720   0.0389  -0.0652  -0.0650  -0.0028   0.0000  -0.0007   0.0155    0.239
    71   0.5511   1.0887   0.1004  -0.0755   0.0395  -0.0695  -0.0693  -0.0030   0.0000  -0.0011   0.0161    0.234
    72   0.6456   1.0700   0.1034  -0.0795   0.0401  -0.0744  -0.0742  -0.0033   0.0000  -0.0016   0.0168    0.228
    73   0.7441   1.0506   0.1050  -0.0836   0.0408  -0.0798  -0.0795  -0.0037   0.0000  -0.0022   0.0176    0.222
    74   0.8453   1.0306   0.1054  -0.0878   0.0414  -0.0853  -0.0851  -0.0042   0.0000  -0.0028   0.0184    0.217
    75   0.9482   1.0102   0.1044  -0.0915   0.0420  -0.0908  -0.0905  -0.0045   0.0000  -0.0034   0.0191    0.212
    76   1.0518   0.9898   0.1023  -0.0946   0.0425  -0.0957  -0.0954  -0.0049   0.0000  -0.0041   0.0197    0.207
    77   1.1547   0.9694   0.0991  -0.0967   0.0427  -0.0999  -0.0996  -0.0053   0.0000  -0.0047   0.0202    0.203
    78   1.2559   0.9494   0.0949  -0.0976   0.0428  -0.1029  -0.1026  -0.0055   0.0000  -0.0052   0.0203    0.199
    79   1.3544   0.9300   0.0899  -0.0971   0.0427  -0.1046  -0.1043  -0.0058   0.0000  -0.0058   0.0202    0.195
    80   1.4489   0.9113   0.0840  -0.0952   0.0425  -0.1047  -0.1043  -0.0059   0.0000  -0.0062   0.0198    0.190
    81   1.5386   0.8936   0.0776  -0.0919   0.0422  -0.1030  -0.1027  -0.0058   0.0000  -0.0066   0.0190    0.185
    82   1.6223   0.8770   0.0705  -0.0871   0.0418  -0.0994  -0.0991  -0.0057   0.0000  -0.0069   0.0178    0.180
    83   1.6992   0.8618   0.0631  -0.0809   0.0414  -0.0940  -0.0937  -0.0054   0.0000  -0.0071   0.0163    0.174
    84   1.7685   0.8481   0.0552  -0.0734   0.0409  -0.0867  -0.0864  -0.0050   0.0000  -0.0071   0.0145    0.168
    85   1.8311   0.8358   0.0499  -0.0646   0.0405  -0.0775  -0.0772  -0.0045   0.0000  -0.0069   0.0124    0.161
    86   1.8859   0.8249   0.0411  -0.0546   0.0401  -0.0662  -0.0660  -0.0038   0.0000  -0.0064   0.0101    0.154
    87   1.9304   0.8161   0.0321  -0.0435   0.0398  -0.0534  -0.0532  -0.0031   0.0000  -0.0055   0.0078    0.147
    88   1.9643   0.8094   0.0230  -0.0316   0.0395  -0.0391  -0.0390  -0.0022   0.0000  -0.0043   0.0055    0.140
    89   1.9871   0.8049   0.0138  -0.0192   0.0393  -0.0239  -0.0238  -0.0014   0.0000  -0.0027   0.0032    0.135
    90   1.9986   0.8027   0.0046  -0.0064   0.0392  -0.0080  -0.0080  -0.0005   0.0000  -0.0009   0.0011    0.132

  Surface # 4     horizontal_stabilizer (YDUP)            
     # Chordwise = 10   # Spanwise = 30     First strip = 91
     Surface area =    2.000000       Ave. chord =    1.000000
     CLsurf  =  -0.00917     Clsurf  =  -0.00092
     CYsurf  =  -0.00006     Cmsurf  =   0.02438
     CDsurf  =  -0.00046     Cnsurf  =   0.00005
     CDisurf =  -0.00046     CDvsurf =   0.00000

  Forces referred to Ssurf, Cave about hinge axis thru LE
     CLsurf  =  -0.07879     CDsurf  =  -0.00395
     Deflect =

 Strip Forces referred to Strip Area, Chord
    j      Yle    Chord     Area     c cl      ai      cl_norm  cl       cd       cdv    cm_c/4    cm_LE  C.P.x/c
    91  -0.0014   1.1973   0.0069  -0.0625   0.0372  -0.0523  -0.0522  -0.0010   0.0000   0.0006  -0.0136    0.262
    92  -0.0129   1.1951   0.0205  -0.0625   0.0372  -0.0524  -0.0522  -0.0020   0.0000   0.0006  -0.0136    0.262
    93  -0.0357   1.1906   0.0338  -0.0625   0.0373  -0.0526  -0.0525  -0.0021   0.0000   0.0006  -0.0137    0.262
    94  -0.0696   1.1839   0.0465  -0.0627   0.0374  -0.0531  -0.0529  -0.0021   0.0000   0.0006  -0.0137    0.261
    95  -0.1141   1.1751   0.0585  -0.0631   0.0375  -0.0538  -0.0536  -0.0022   0.0000   0.0005  -0.0138    0.259
    96  -0.1689   1.1642   0.0695  -0.0638   0.0376  -0.0549  -0.0547  -0.0022   0.0000   0.0004  -0.0140    0.257
    97  -0.2315   1.1519   0.0750  -0.0650   0.0378  -0.0565  -0.0563  -0.0023   0.0000   0.0002  -0.0142    0.253
    98  -0.3008   1.1382   0.0833  -0.0667   0.0381  -0.0587  -0.0585  -0.0024   0.0000  -0.0000  -0.0145    0.249
    99  -0.3777   1.1230   0.0903  -0.0690   0.0385  -0.0616  -0.0614  -0.0026   0.0000  -0.0003  -0.0150    0.245
   100  -0.4614   1.1064   0.0960  -0.0720   0.0389  -0.0652  -0.0650  -0.0028   0.0000  -0.0007  -0.0155    0.239
   101  -0.5511   1.0887   0.1004  -0.0755   0.0395  -0.0695  -0.0693  -0.0030   0.0000  -0.0011  -0.0161    0.234
   102  -0.6456   1.0700   0.1034  -0.0795   0.0401  -0.0744  -0.0742  -0.0033   0.0000  -0.0016  -0.0168    0.228
   103  -0.7441   1.0506   0.1050  -0.0836   0.0408  -0.0798  -0.0795  -0.0037   0.0000  -0.0022  -0.0176    0.222
   104  -0.8453   1.0306   0.1054  -0.0878   0.0414  -0.0853  -0.0851  -0.0042   0.0000  -0.0028  -0.0184    0.217
   105  -0.9482   1.0102   0.1044  -0.0915   0.0420  -0.0908  -0.0905  -0.0045   0.0000  -0.0034  -0.0191    0.212
   106  -1.0518   0.9898   0.1023  -0.0946   0.0425  -0.0957  -0.0954  -0.0049   0.0000  -0.0041  -0.0197    0.207
   107  -1.1547   0.9694   0.0991  -0.0967   0.0427  -0.0999  -0.0996  -0.0053   0.0000  -0.0047  -0.0202    0.203
   108  -1.2559   0.9494   0.0949  -0.0976   0.0428  -0.1029  -0.1026  -0.0055   0.0000  -0.0052  -0.0203    0.199
   109  -1.3544   0.9300   0.0899  -0.0971   0.0427  -0.1046  -0.1043  -0.0058   0.0000  -0.0058  -0.0202    0.195
   110  -1.4489   0.9113   0.0840  -0.0952   0.0425  -0.1047  -0.1043  -0.0059   0.0000  -0.0062  -0.0198    0.190
   111  -1.5386   0.8936   0.0776  -0.0919   0.0422  -0.1030  -0.1027  -0.0058   0.0000  -0.0066  -0.0190    0.185
   112  -1.6223   0.8770   0.0705  -0.0871   0.0418  -0.0994  -0.0991  -0.0057   0.0000  -0.0069  -0.0178    0.180
   113  -1.6992   0.8618   0.0631  -0.0809   0.0414  -0.0940  -0.0937  -0.0054   0.0000  -0.0071  -0.0163    0.174
   114  -1.7685   0.8481   0.0552  -0.0734   0.0409  -0.0867  -0.0864  -0.0050   0.0000  -0.0071  -0.0145    0.168
   115  -1.8311   0.8358   0.0499  -0.0646   0.0405  -0.0775  -0.0772  -0.0045   0.0000  -0.0069  -0.0124    0.161
   116  -1.8859   0.8249   0.0411  -0.0546   0.0402  -0.0662  -0.0660  -0.0038   0.0000  -0.0064  -0.0101    0.154
   117  -1.9304   0.8161   0.0321  -0.0435   0.0398  -0.0534  -0.0532  -0.0031   0.0000  -0.0055  -0.0078    0.147
   118  -1.9643   0.8094   0.0230  -0.0316   0.0395  -0.0391  -0.0390  -0.0022   0.0000  -0.0043  -0.0055    0.140
   119  -1.9871   0.8049   0.0138  -0.0192   0.0393  -0.0239  -0.0238  -0.0014   0.0000  -0.0027  -0.0032    0.135
   120  -1.9986   0.8027   0.0046  -0.0064   0.0392  -0.0080  -0.0080  -0.0005   0.0000  -0.0009  -0.0011    0.132

  Surface # 5     vertical_stabilizer                     
     # Chordwise = 10   # Spanwise = 30     First strip =121
     Surface area =    1.162981       Ave. chord =    0.785002
     CLsurf  =   0.00000     Clsurf  =   0.00000
     CYsurf  =   0.00000     Cmsurf  =  -0.00000
     CDsurf  =  -0.00000     Cnsurf  =  -0.00000
     CDisurf =  -0.00000     CDvsurf =   0.00000

  Forces referred to Ssurf, Cave about hinge axis thru LE
     CLsurf  =  -0.00000     CDsurf  =  -0.00000
     Deflect =

 Strip Forces referred to Strip Area, Chord
    j      Yle    Chord     Area     c cl      ai      cl_norm  cl       cd       cdv    cm_c/4    cm_LE  C.P.x/c
   121   0.0000   1.0573   0.0140  -0.0000  -0.0000  -0.0000  -0.0000   0.0000   0.0000  -0.0000   0.0000    0.115
   122   0.0000   1.0509   0.0227  -0.0000  -0.0000  -0.0000  -0.0000  -0.0000   0.0000  -0.0000   0.0000    0.131
   123   0.0000   1.0413   0.0311  -0.0000  -0.0000  -0.0000  -0.0000  -0.0000   0.0000  -0.0000   0.0000    0.149
   124   0.0000   1.0287   0.0389  -0.0000   0.0000  -0.0000  -0.0000  -0.0000   0.0000  -0.0000   0.0000    0.149
   125   0.0000   1.0133   0.0461  -0.0000   0.0000  -0.0000  -0.0000  -0.0000   0.0000  -0.0000   0.0000    0.125
   126   0.0000   0.9966   0.0440  -0.0000  -0.0000  -0.0000  -0.0000  -0.0000   0.0000  -0.0000   0.0000    0.165
   127   0.0000   0.9792   0.0488  -0.0000  -0.0000  -0.0000  -0.0000  -0.0000   0.0000  -0.0000   0.0000    0.215
   128   0.0000   0.9597   0.0527  -0.0000  -0.0000  -0.0000  -0.0000  -0.0000   0.0000  -0.0000   0.0000    0.216
   129   0.0000   0.9385   0.0559  -0.0000   0.0000  -0.0000  -0.0000  -0.0000   0.0000  -0.0000   0.0000    0.216
   130   0.0000   0.9157   0.0582  -0.0000   0.0000  -0.0000  -0.0000  -0.0000   0.0000  -0.0000   0.0000    0.218
   131   0.0000   0.8915   0.0596  -0.0000   0.0000  -0.0000  -0.0000  -0.0000   0.0000  -0.0000   0.0000    0.222
   132   0.0000   0.8662   0.0602  -0.0000   0.0000  -0.0000  -0.0000  -0.0000   0.0000  -0.0000   0.0000    0.204
   133   0.0000   0.8401   0.0601  -0.0000   0.0000  -0.0000  -0.0000  -0.0000   0.0000  -0.0000   0.0000    0.201
   134   0.0000   0.8133   0.0592  -0.0000   0.0000  -0.0000  -0.0000  -0.0000   0.0000  -0.0000   0.0000    0.213
   135   0.0000   0.7863   0.0576  -0.0000   0.0000  -0.0000  -0.0000  -0.0000   0.0000  -0.0000   0.0000    0.215
   136   0.0000   0.7592   0.0554  -0.0000   0.0000  -0.0000  -0.0000  -0.0000   0.0000  -0.0000   0.0000    0.218
   137   0.0000   0.7323   0.0527  -0.0000   0.0000  -0.0000  -0.0000  -0.0000   0.0000  -0.0000   0.0000    0.210
   138   0.0000   0.7060   0.0495  -0.0000   0.0000  -0.0000  -0.0000  -0.0000   0.0000  -0.0000   0.0000    0.203
   139   0.0000   0.6804   0.0460  -0.0000   0.0000  -0.0000  -0.0000  -0.0000   0.0000  -0.0000   0.0000    0.186
   140   0.0000   0.6560   0.0422  -0.0000   0.0000  -0.0000  -0.0000  -0.0000   0.0000  -0.0000   0.0000    0.188
   141   0.0000   0.6328   0.0383  -0.0000   0.0000  -0.0000  -0.0000  -0.0000   0.0000  -0.0000   0.0000    0.191
   142   0.0000   0.6112   0.0342  -0.0000   0.0000  -0.0000  -0.0000  -0.0000   0.0000  -0.0000   0.0000    0.186
   143   0.0000   0.5914   0.0301  -0.0000  -0.0000  -0.0000  -0.0000  -0.0000   0.0000  -0.0000   0.0000    0.178
   144   0.0000   0.5736   0.0259  -0.0000  -0.0000  -0.0000  -0.0000  -0.0000   0.0000  -0.0000   0.0000    0.166
   145   0.0000   0.5570   0.0246  -0.0000   0.0000  -0.0000  -0.0000   0.0000   0.0000  -0.0000   0.0000    0.148
   146   0.0000   0.5419   0.0200  -0.0000  -0.0000  -0.0000  -0.0000  -0.0000   0.0000  -0.0000   0.0000    0.132
   147   0.0000   0.5297   0.0154  -0.0000   0.0000  -0.0000  -0.0000  -0.0000   0.0000  -0.0000   0.0000    0.123
   148   0.0000   0.5204   0.0109  -0.0000   0.0000  -0.0000  -0.0000  -0.0000   0.0000  -0.0000   0.0000    0.128
   149   0.0000   0.5141   0.0065  -0.0000   0.0000  -0.0000  -0.0000  -0.0000   0.0000  -0.0000   0.0000    0.104
   150   0.0000   0.5110   0.0022  -0.0000   0.0000  -0.0000  -0.0000  -0.0000   0.0000  -0.0000   0.0000    0.086
 ---------------------------------------------------------------
