 ---------------------------------------------------------------
 Surface and Strip Forces by surface

  Forces referred to Sref, Cref, Bref about Xref, Yref, Zref
 Standard axis orientation,  X fwd, Z down         

  Surface # 1     main_wing                               
     # Chordwise = 10   # Spanwise = 30     First strip =  1
     Surface area =    8.662745       Ave. chord =    1.689678
     CLsurf  =   0.21575     Clsurf  =  -0.04902
     CYsurf  =  -0.02661     Cmsurf  =  -0.11529
     CDsurf  =   0.00530     Cnsurf  =   0.00570
     CDisurf =   0.00530     CDvsurf =   0.00000

  Forces referred to Ssurf, Cave about hinge axis thru LE
     CLsurf  =   0.43104     CDsurf  =   0.01052
     Deflect =

 Strip Forces referred to Strip Area, Chord
    j      Yle    Chord     Area     c cl      ai      cl_norm  cl       cd       cdv    cm_c/4    cm_LE  C.P.x/c
     1   0.0034   2.1937   0.0299   0.9621  -0.1103   0.4364   0.4364  -0.0710   0.0000  -0.1688  -0.2781    0.637
     2   0.0304   2.1884   0.0891   0.6330  -0.1072   0.2888   0.2888  -0.0174   0.0000  -0.1350  -0.2070    0.717
     3   0.0840   2.1777   0.1468   0.6118  -0.1001   0.2807   0.2807  -0.0129   0.0000  -0.1345  -0.2044    0.729
     4   0.1638   2.1619   0.2017   0.6172  -0.0886   0.2853   0.2853  -0.0106   0.0000  -0.1388  -0.2099    0.737
     5   0.2688   2.1410   0.2531   0.6336  -0.0728   0.2958   0.2958  -0.0090   0.0000  -0.1472  -0.2209    0.748
     6   0.3979   2.1154   0.3000   0.6734  -0.0530   0.3183   0.3183  -0.0051   0.0000  -0.1607  -0.2399    0.755
     7   0.5496   2.0852   0.3417   0.7281  -0.0291   0.3493   0.3493  -0.0026   0.0000  -0.1793  -0.2662    0.763
     8   0.7223   2.0509   0.3776   0.7754  -0.0010   0.3783   0.3783   0.0017   0.0000  -0.2006  -0.2947    0.780
     9   0.9142   2.0128   0.4073   0.8332   0.0318   0.4145   0.4145   0.0106   0.0000  -0.2234  -0.3265    0.789
    10   1.1285   1.9703   0.4526   0.8755   0.0475   0.4451   0.4451   0.0154   0.0000  -0.2443  -0.3549    0.799
    11   1.3637   1.9236   0.4694   0.8976   0.0442   0.4674   0.4674   0.0143   0.0000  -0.2566  -0.3727    0.799
    12   1.6118   1.8743   0.4793   0.9027   0.0461   0.4824   0.4824   0.0142   0.0000  -0.2651  -0.3849    0.800
    13   1.8700   1.8230   0.4823   0.8954   0.0556   0.4920   0.4920   0.0153   0.0000  -0.2711  -0.3933    0.801
    14   2.1357   1.7703   0.4789   0.8826   0.0690   0.4994   0.4994   0.0156   0.0000  -0.2754  -0.3995    0.801
    15   2.4057   1.7167   0.4695   0.8647   0.0743   0.5046   0.5046   0.0157   0.0000  -0.2784  -0.4038    0.802
    16   2.6723   1.6637   0.4384   0.8421   0.0723   0.5070   0.5070   0.0153   0.0000  -0.2802  -0.4062    0.803
    17   2.9325   1.6120   0.4201   0.8126   0.0689   0.5049   0.5049   0.0161   0.0000  -0.2806  -0.4060    0.806
    18   3.1884   1.5612   0.3979   0.7829   0.0660   0.5023   0.5023   0.0156   0.0000  -0.2804  -0.4052    0.808
    19   3.4372   1.5118   0.3724   0.7468   0.0642   0.4948   0.4948   0.0154   0.0000  -0.2788  -0.4017    0.813
    20   3.6775   1.4641   0.3480   0.7073   0.0635   0.4840   0.4840   0.0160   0.0000  -0.2759  -0.3961    0.820
    21   3.9066   1.4186   0.3174   0.6643   0.0640   0.4691   0.4691   0.0162   0.0000  -0.2713  -0.3879    0.828
    22   4.1206   1.3761   0.2853   0.6174   0.0655   0.4495   0.4495   0.0161   0.0000  -0.2646  -0.3762    0.839
    23   4.3172   1.3370   0.2522   0.5668   0.0682   0.4247   0.4247   0.0156   0.0000  -0.2550  -0.3605    0.850
    24   4.4942   1.3019   0.2186   0.5109   0.0720   0.3932   0.3932   0.0153   0.0000  -0.2417  -0.3393    0.865
    25   4.6536   1.2702   0.1944   0.4515   0.0770   0.3562   0.3562   0.0142   0.0000  -0.2235  -0.3119    0.878
    26   4.7929   1.2426   0.1585   0.3826   0.0832   0.3086   0.3086   0.0134   0.0000  -0.1987  -0.2753    0.894
    27   4.9062   1.2201   0.1229   0.3073   0.0903   0.2525   0.2525   0.0119   0.0000  -0.1667  -0.2294    0.910
    28   4.9923   1.2030   0.0875   0.2255   0.0979   0.1879   0.1879   0.0105   0.0000  -0.1270  -0.1736    0.926
    29   5.0502   1.1915   0.0524   0.1385   0.1053   0.1166   0.1166   0.0080   0.0000  -0.0800  -0.1089    0.936
    30   5.0794   1.1857   0.0174   0.0469   0.1101   0.0397   0.0397   0.0028   0.0000  -0.0274  -0.0372    0.940

  Surface # 2     main_wing (YDUP)                        
     # Chordwise = 10   # Spanwise = 30     First strip = 31
     Surface area =    8.662745       Ave. chord =    1.689678
     CLsurf  =   0.21575     Clsurf  =   0.04902
     CYsurf  =   0.02661     Cmsurf  =  -0.11529
     CDsurf  =   0.00530     Cnsurf  =  -0.00570
     CDisurf =   0.00530     CDvsurf =   0.00000

  Forces referred to Ssurf, Cave about hinge axis thru LE
     CLsurf  =   0.43104     CDsurf  =   0.01052
     Deflect =

 Strip Forces referred to Strip Area, Chord
    j      Yle    Chord     Area     c cl      ai      cl_norm  cl       cd       cdv    cm_c/4    cm_LE  C.P.x/c
    31  -0.0034   2.1937   0.0299   0.9621  -0.1103   0.4364   0.4364  -0.0710   0.0000  -0.1688   0.2781    0.637
    32  -0.0304   2.1884   0.0891   0.6330  -0.1072   0.2888   0.2888  -0.0174   0.0000  -0.1350   0.2070    0.717
    33  -0.0840   2.1777   0.1468   0.6118  -0.1001   0.2807   0.2807  -0.0129   0.0000  -0.1345   0.2044    0.729
    34  -0.1638   2.1619   0.2017   0.6172  -0.0886   0.2853   0.2853  -0.0106   0.0000  -0.1388   0.2099    0.737
    35  -0.2688   2.1410   0.2531   0.6336  -0.0728   0.2958   0.2958  -0.0090   0.0000  -0.1472   0.2209    0.748
    36  -0.3979   2.1154   0.3000   0.6734  -0.0530   0.3183   0.3183  -0.0051   0.0000  -0.1607   0.2399    0.755
    37  -0.5496   2.0852   0.3417   0.7281  -0.0291   0.3493   0.3493  -0.0026   0.0000  -0.1793   0.2662    0.763
    38  -0.7223   2.0509   0.3776   0.7754  -0.0010   0.3783   0.3783   0.0017   0.0000  -0.2006   0.2947    0.780
    39  -0.9142   2.0128   0.4073   0.8332   0.0318   0.4145   0.4145   0.0106   0.0000  -0.2234   0.3265    0.789
    40  -1.1285   1.9703   0.4526   0.8755   0.0475   0.4451   0.4451   0.0154   0.0000  -0.2443   0.3549    0.799
    41  -1.3637   1.9236   0.4694   0.8976   0.0442   0.4674   0.4674   0.0143   0.0000  -0.2566   0.3727    0.799
    42  -1.6118   1.8743   0.4793   0.9027   0.0461   0.4824   0.4824   0.0142   0.0000  -0.2651   0.3849    0.800
    43  -1.8700   1.8230   0.4823   0.8954   0.0556   0.4920   0.4920   0.0153   0.0000  -0.2711   0.3933    0.801
    44  -2.1357   1.7703   0.4789   0.8826   0.0690   0.4994   0.4994   0.0156   0.0000  -0.2754   0.3995    0.801
    45  -2.4057   1.7167   0.4695   0.8647   0.0743   0.5046   0.5046   0.0157   0.0000  -0.2784   0.4038    0.802
    46  -2.6723   1.6637   0.4384   0.8421   0.0723   0.5070   0.5070   0.0153   0.0000  -0.2802   0.4062    0.803
    47  -2.9325   1.6120   0.4201   0.8126   0.0689   0.5049   0.5049   0.0161   0.0000  -0.2806   0.4060    0.806
    48  -3.1884   1.5612   0.3979   0.7829   0.0660   0.5023   0.5023   0.0156   0.0000  -0.2804   0.4052    0.808
    49  -3.4372   1.5118   0.3724   0.7468   0.0642   0.4948   0.4948   0.0154   0.0000  -0.2788   0.4017    0.813
    50  -3.6775   1.4641   0.3480   0.7073   0.0635   0.4840   0.4840   0.0160   0.0000  -0.2759   0.3961    0.820
    51  -3.9066   1.4186   0.3174   0.6643   0.0640   0.4691   0.4691   0.0162   0.0000  -0.2713   0.3879    0.828
    52  -4.1206   1.3761   0.2853   0.6174   0.0655   0.4495   0.4495   0.0161   0.0000  -0.2646   0.3762    0.839
    53  -4.3172   1.3370   0.2522   0.5668   0.0682   0.4247   0.4247   0.0156   0.0000  -0.2550   0.3605    0.850
    54  -4.4942   1.3019   0.2186   0.5109   0.0720   0.3932   0.3932   0.0153   0.0000  -0.2417   0.3393    0.865
    55  -4.6536   1.2702   0.1944   0.4515   0.0770   0.3561   0.3561   0.0142   0.0000  -0.2235   0.3119    0.878
    56  -4.7929   1.2426   0.1585   0.3826   0.0832   0.3086   0.3086   0.0134   0.0000  -0.1987   0.2753    0.894
    57  -4.9062   1.2201   0.1229   0.3073   0.0903   0.2525   0.2525   0.0119   0.0000  -0.1667   0.2294    0.910
    58  -4.9923   1.2030   0.0875   0.2255   0.0979   0.1879   0.1879   0.0105   0.0000  -0.1270   0.1736    0.926
    59  -5.0502   1.1915   0.0524   0.1385   0.1053   0.1166   0.1166   0.0080   0.0000  -0.0800   0.1089    0.936
    60  -5.0794   1.1857   0.0174   0.0469   0.1101   0.0397   0.0397   0.0028   0.0000  -0.0274   0.0372    0.940

  Surface # 3     horizontal_stabilizer                   
     # Chordwise = 10   # Spanwise = 30     First strip = 61
     Surface area =    2.000000       Ave. chord =    1.000000
     CLsurf  =  -0.03498     Clsurf  =   0.00307
     CYsurf  =  -0.00006     Cmsurf  =   0.09245
     CDsurf  =  -0.00010     Cnsurf  =  -0.00010
     CDisurf =  -0.00010     CDvsurf =   0.00000

  Forces referred to Ssurf, Cave about hinge axis thru LE
     CLsurf  =  -0.30040     CDsurf  =  -0.00086
     Deflect =

 Strip Forces referred to Strip Area, Chord
    j      Yle    Chord     Area     c cl      ai      cl_norm  cl       cd       cdv    cm_c/4    cm_LE  C.P.x/c
    61   0.0014   1.1973   0.0069  -0.3432  -0.0266  -0.2857  -0.2848   0.0560   0.0000  -0.0035   0.0678    0.238
    62   0.0129   1.1951   0.0205  -0.3431  -0.0264  -0.2879  -0.2870   0.0076   0.0000  -0.0035   0.0679    0.238
    63   0.0357   1.1906   0.0338  -0.3431  -0.0262  -0.2891  -0.2882   0.0041   0.0000  -0.0037   0.0680    0.237
    64   0.0696   1.1839   0.0465  -0.3431  -0.0260  -0.2908  -0.2899   0.0032   0.0000  -0.0039   0.0681    0.236
    65   0.1141   1.1751   0.0585  -0.3431  -0.0257  -0.2930  -0.2921   0.0027   0.0000  -0.0043   0.0683    0.235
    66   0.1689   1.1642   0.0695  -0.3432  -0.0254  -0.2958  -0.2948   0.0024   0.0000  -0.0048   0.0686    0.234
    67   0.2315   1.1519   0.0750  -0.3433  -0.0249  -0.2991  -0.2982   0.0022   0.0000  -0.0053   0.0688    0.232
    68   0.3008   1.1382   0.0833  -0.3436  -0.0244  -0.3030  -0.3020   0.0018   0.0000  -0.0059   0.0692    0.230
    69   0.3777   1.1230   0.0903  -0.3440  -0.0238  -0.3074  -0.3064   0.0015   0.0000  -0.0067   0.0695    0.228
    70   0.4614   1.1064   0.0960  -0.3444  -0.0231  -0.3124  -0.3114   0.0009   0.0000  -0.0075   0.0699    0.226
    71   0.5511   1.0887   0.1004  -0.3446  -0.0223  -0.3177  -0.3167   0.0012   0.0000  -0.0085   0.0703    0.223
    72   0.6456   1.0700   0.1034  -0.3445  -0.0214  -0.3231  -0.3221   0.0007   0.0000  -0.0095   0.0706    0.220
    73   0.7441   1.0506   0.1050  -0.3437  -0.0206  -0.3285  -0.3274  -0.0012   0.0000  -0.0107   0.0707    0.217
    74   0.8453   1.0306   0.1054  -0.3420  -0.0198  -0.3331  -0.3321  -0.0015   0.0000  -0.0120   0.0706    0.214
    75   0.9482   1.0102   0.1044  -0.3389  -0.0191  -0.3367  -0.3357  -0.0016   0.0000  -0.0133   0.0702    0.210
    76   1.0518   0.9898   0.1023  -0.3340  -0.0186  -0.3388  -0.3377  -0.0025   0.0000  -0.0146   0.0694    0.207
    77   1.1547   0.9694   0.0991  -0.3270  -0.0183  -0.3387  -0.3376  -0.0027   0.0000  -0.0159   0.0681    0.203
    78   1.2559   0.9494   0.0949  -0.3177  -0.0183  -0.3360  -0.3349  -0.0035   0.0000  -0.0171   0.0662    0.199
    79   1.3544   0.9300   0.0899  -0.3058  -0.0185  -0.3302  -0.3291  -0.0039   0.0000  -0.0182   0.0636    0.195
    80   1.4489   0.9113   0.0840  -0.2912  -0.0188  -0.3210  -0.3200  -0.0048   0.0000  -0.0192   0.0604    0.190
    81   1.5386   0.8936   0.0776  -0.2741  -0.0193  -0.3080  -0.3071  -0.0046   0.0000  -0.0199   0.0565    0.185
    82   1.6223   0.8770   0.0705  -0.2543  -0.0198  -0.2912  -0.2903  -0.0042   0.0000  -0.0203   0.0519    0.180
    83   1.6992   0.8618   0.0631  -0.2321  -0.0204  -0.2704  -0.2696  -0.0040   0.0000  -0.0203   0.0467    0.175
    84   1.7685   0.8481   0.0552  -0.2075  -0.0210  -0.2457  -0.2449  -0.0037   0.0000  -0.0199   0.0411    0.169
    85   1.8311   0.8358   0.0499  -0.1804  -0.0216  -0.2168  -0.2161  -0.0035   0.0000  -0.0188   0.0350    0.163
    86   1.8859   0.8249   0.0411  -0.1507  -0.0222  -0.1834  -0.1829  -0.0027   0.0000  -0.0170   0.0285    0.157
    87   1.9304   0.8161   0.0321  -0.1191  -0.0227  -0.1466  -0.1462  -0.0023   0.0000  -0.0144   0.0220    0.152
    88   1.9643   0.8094   0.0230  -0.0862  -0.0232  -0.1069  -0.1066  -0.0016   0.0000  -0.0110   0.0155    0.147
    89   1.9871   0.8049   0.0138  -0.0521  -0.0235  -0.0650  -0.0648  -0.0012   0.0000  -0.0069   0.0092    0.143
    90   1.9986   0.8027   0.0046  -0.0174  -0.0237  -0.0218  -0.0218  -0.0009   0.0000  -0.0024   0.0031    0.142

  Surface # 4     horizontal_stabilizer (YDUP)            
     # Chordwise = 10   # Spanwise = 30     First strip = 91
     Surface area =    2.000000       Ave. chord =    1.000000
     CLsurf  =  -0.03498     Clsurf  =  -0.00307
     CYsurf  =   0.00006     Cmsurf  =   0.09245
     CDsurf  =  -0.00010     Cnsurf  =   0.00010
     CDisurf =  -0.00010     CDvsurf =   0.00000

  Forces referred to Ssurf, Cave about hinge axis thru LE
     CLsurf  =  -0.30040     CDsurf  =  -0.00086
     Deflect =

 Strip Forces referred to Strip Area, Chord
    j      Yle    Chord     Area     c cl      ai      cl_norm  cl       cd       cdv    cm_c/4    cm_LE  C.P.x/c
    91  -0.0014   1.1973   0.0069  -0.3432  -0.0266  -0.2857  -0.2848   0.0560   0.0000  -0.0035  -0.0678    0.238
    92  -0.0129   1.1951   0.0205  -0.3431  -0.0264  -0.2879  -0.2870   0.0076   0.0000  -0.0035  -0.0679    0.238
    93  -0.0357   1.1906   0.0338  -0.3431  -0.0262  -0.2891  -0.2882   0.0041   0.0000  -0.0037  -0.0680    0.237
    94  -0.0696   1.1839   0.0465  -0.3431  -0.0260  -0.2908  -0.2899   0.0032   0.0000  -0.0039  -0.0681    0.236
    95  -0.1141   1.1751   0.0585  -0.3431  -0.0257  -0.2930  -0.2921   0.0027   0.0000  -0.0043  -0.0683    0.235
    96  -0.1689   1.1642   0.0695  -0.3432  -0.0254  -0.2958  -0.2948   0.0024   0.0000  -0.0048  -0.0686    0.234
    97  -0.2315   1.1519   0.0750  -0.3433  -0.0249  -0.2991  -0.2982   0.0022   0.0000  -0.0053  -0.0688    0.232
    98  -0.3008   1.1382   0.0833  -0.3436  -0.0244  -0.3030  -0.3020   0.0018   0.0000  -0.0059  -0.0692    0.230
    99  -0.3777   1.1230   0.0903  -0.3440  -0.0238  -0.3074  -0.3064   0.0015   0.0000  -0.0067  -0.0695    0.228
   100  -0.4614   1.1064   0.0960  -0.3444  -0.0231  -0.3124  -0.3114   0.0009   0.0000  -0.0075  -0.0699    0.226
   101  -0.5511   1.0887   0.1004  -0.3446  -0.0223  -0.3177  -0.3167   0.0012   0.0000  -0.0085  -0.0703    0.223
   102  -0.6456   1.0700   0.1034  -0.3445  -0.0214  -0.3231  -0.3221   0.0007   0.0000  -0.0095  -0.0706    0.220
   103  -0.7441   1.0506   0.1050  -0.3437  -0.0206  -0.3285  -0.3274  -0.0012   0.0000  -0.0107  -0.0707    0.217
   104  -0.8453   1.0306   0.1054  -0.3420  -0.0198  -0.3331  -0.3321  -0.0015   0.0000  -0.0120  -0.0706    0.214
   105  -0.9482   1.0102   0.1044  -0.3389  -0.0191  -0.3367  -0.3357  -0.0016   0.0000  -0.0133  -0.0702    0.210
   106  -1.0518   0.9898   0.1023  -0.3340  -0.0186  -0.3388  -0.3377  -0.0025   0.0000  -0.0146  -0.0694    0.207
   107  -1.1547   0.9694   0.0991  -0.3270  -0.0183  -0.3387  -0.3376  -0.0027   0.0000  -0.0159  -0.0681    0.203
   108  -1.2559   0.9494   0.0949  -0.3177  -0.0183  -0.3360  -0.3349  -0.0035   0.0000  -0.0171  -0.0662    0.199
   109  -1.3544   0.9300   0.0899  -0.3058  -0.0185  -0.3302  -0.3291  -0.0039   0.0000  -0.0182  -0.0636    0.195
   110  -1.4489   0.9113   0.0840  -0.2912  -0.0188  -0.3210  -0.3200  -0.0048   0.0000  -0.0192  -0.0604    0.190
   111  -1.5386   0.8936   0.0776  -0.2741  -0.0193  -0.3080  -0.3071  -0.0046   0.0000  -0.0199  -0.0565    0.185
   112  -1.6223   0.8770   0.0705  -0.2543  -0.0198  -0.2912  -0.2903  -0.0042   0.0000  -0.0203  -0.0519    0.180
   113  -1.6992   0.8618   0.0631  -0.2321  -0.0204  -0.2704  -0.2696  -0.0040   0.0000  -0.0203  -0.0467    0.175
   114  -1.7685   0.8481   0.0552  -0.2075  -0.0210  -0.2457  -0.2449  -0.0037   0.0000  -0.0199  -0.0411    0.169
   115  -1.8311   0.8358   0.0499  -0.1804  -0.0216  -0.2168  -0.2161  -0.0035   0.0000  -0.0188  -0.0350    0.163
   116  -1.8859   0.8249   0.0411  -0.1507  -0.0222  -0.1834  -0.1829  -0.0027   0.0000  -0.0170  -0.0285    0.157
   117  -1.9304   0.8161   0.0321  -0.1191  -0.0227  -0.1466  -0.1462  -0.0023   0.0000  -0.0144  -0.0220    0.152
   118  -1.9643   0.8094   0.0230  -0.0861  -0.0232  -0.1069  -0.1066  -0.0016   0.0000  -0.0110  -0.0155    0.147
   119  -1.9871   0.8049   0.0138  -0.0521  -0.0235  -0.0650  -0.0648  -0.0012   0.0000  -0.0069  -0.0092    0.143
   120  -1.9986   0.8027   0.0046  -0.0174  -0.0237  -0.0218  -0.0218  -0.0009   0.0000  -0.0024  -0.0031    0.142

  Surface # 5     vertical_stabilizer                     
     # Chordwise = 10   # Spanwise = 30     First strip =121
     Surface area =    1.162981       Ave. chord =    0.785002
     CLsurf  =   0.00000     Clsurf  =  -0.00000
     CYsurf  =  -0.00000     Cmsurf  =  -0.00000
     CDsurf  =  -0.00000     Cnsurf  =   0.00000
     CDisurf =  -0.00000     CDvsurf =   0.00000

  Forces referred to Ssurf, Cave about hinge axis thru LE
     CLsurf  =   0.00000     CDsurf  =  -0.00000
     Deflect =

 Strip Forces referred to Strip Area, Chord
    j      Yle    Chord     Area     c cl      ai      cl_norm  cl       cd       cdv    cm_c/4    cm_LE  C.P.x/c
   121   0.0000   1.0573   0.0140   0.0000  -0.0000   0.0000   0.0000   0.0000   0.0000   0.0000  -0.0000    0.214
   122   0.0000   1.0509   0.0227   0.0000  -0.0000   0.0000   0.0000   0.0000   0.0000   0.0000  -0.0000    0.211
   123   0.0000   1.0413   0.0311   0.0000  -0.0000   0.0000   0.0000   0.0000   0.0000   0.0000  -0.0000    0.206
   124   0.0000   1.0287   0.0389   0.0000  -0.0000   0.0000   0.0000   0.0000   0.0000   0.0000  -0.0000    0.206
   125   0.0000   1.0133   0.0461   0.0000  -0.0000   0.0000   0.0000  -0.0000   0.0000   0.0000  -0.0000    0.205
   126   0.0000   0.9966   0.0440   0.0000  -0.0000   0.0000   0.0000   0.0000   0.0000   0.0000  -0.0000    0.204
   127   0.0000   0.9792   0.0488   0.0000  -0.0000   0.0000   0.0000  -0.0000   0.0000   0.0000  -0.0000    0.203
   128   0.0000   0.9597   0.0527   0.0000  -0.0000   0.0000   0.0000  -0.0000   0.0000   0.0000  -0.0000    0.195
   129   0.0000   0.9385   0.0559   0.0000  -0.0000   0.0000   0.0000  -0.0000   0.0000   0.0000  -0.0000    0.198
   130   0.0000   0.9157   0.0582   0.0000  -0.0000   0.0000   0.0000  -0.0000   0.0000   0.0000  -0.0000    0.200
   131   0.0000   0.8915   0.0596   0.0000  -0.0000   0.0000   0.0000  -0.0000   0.0000   0.0000  -0.0000    0.203
   132   0.0000   0.8662   0.0602   0.0000  -0.0000   0.0000   0.0000  -0.0000   0.0000   0.0000  -0.0000    0.199
   133   0.0000   0.8401   0.0601   0.0000  -0.0000   0.0000   0.0000  -0.0000   0.0000   0.0000  -0.0000    0.200
   134   0.0000   0.8133   0.0592   0.0000  -0.0000   0.0000   0.0000  -0.0000   0.0000   0.0000  -0.0000    0.206
   135   0.0000   0.7863   0.0576   0.0000  -0.0000   0.0000   0.0000  -0.0000   0.0000   0.0000  -0.0000    0.203
   136   0.0000   0.7592   0.0554   0.0000  -0.0000   0.0000   0.0000  -0.0000   0.0000   0.0000  -0.0000    0.202
   137   0.0000   0.7323   0.0527   0.0000  -0.0000   0.0000   0.0000  -0.0000   0.0000   0.0000  -0.0000    0.203
   138   0.0000   0.7060   0.0495   0.0000  -0.0000   0.0000   0.0000  -0.0000   0.0000   0.0000  -0.0000    0.202
   139   0.0000   0.6804   0.0460   0.0000  -0.0000   0.0000   0.0000  -0.0000   0.0000   0.0000  -0.0000    0.197
   140   0.0000   0.6560   0.0422   0.0000  -0.0000   0.0000   0.0000  -0.0000   0.0000   0.0000  -0.0000    0.194
   141   0.0000   0.6328   0.0383   0.0000  -0.0000   0.0000   0.0000  -0.0000   0.0000   0.0000  -0.0000    0.192
   142   0.0000   0.6112   0.0342   0.0000   0.0000   0.0000   0.0000  -0.0000   0.0000   0.0000  -0.0000    0.189
   143   0.0000   0.5914   0.0301   0.0000  -0.0000   0.0000   0.0000  -0.0000   0.0000   0.0000  -0.0000    0.180
   144   0.0000   0.5736   0.0259   0.0000  -0.0000   0.0000   0.0000  -0.0000   0.0000   0.0000  -0.0000    0.177
   145   0.0000   0.5570   0.0246   0.0000  -0.0000   0.0000   0.0000  -0.0000   0.0000   0.0000  -0.0000    0.167
   146   0.0000   0.5419   0.0200   0.0000  -0.0000   0.0000   0.0000  -0.0000   0.0000   0.0000  -0.0000    0.158
   147   0.0000   0.5297   0.0154   0.0000  -0.0000   0.0000   0.0000  -0.0000   0.0000   0.0000  -0.0000    0.149
   148   0.0000   0.5204   0.0109   0.0000   0.0000   0.0000   0.0000  -0.0000   0.0000   0.0000  -0.0000    0.146
   149   0.0000   0.5141   0.0065   0.0000  -0.0000   0.0000   0.0000  -0.0000   0.0000   0.0000  -0.0000    0.140
   150   0.0000   0.5110   0.0022   0.0000  -0.0000   0.0000   0.0000  -0.0000   0.0000   0.0000  -0.0000    0.133
 ---------------------------------------------------------------
