 ---------------------------------------------------------------
 Surface and Strip Forces by surface

  Forces referred to Sref, Cref, Bref about Xref, Yref, Zref
 Standard axis orientation,  X fwd, Z down         

  Surface # 1     main_wing                               
     # Chordwise = 10   # Spanwise = 30     First strip =  1
     Surface area =    8.662745       Ave. chord =    1.689678
     CLsurf  =   0.29696     Clsurf  =  -0.06598
     CYsurf  =  -0.03896     Cmsurf  =  -0.06017
     CDsurf  =   0.00981     Cnsurf  =   0.00166
     CDisurf =   0.00981     CDvsurf =   0.00000

  Forces referred to Ssurf, Cave about hinge axis thru LE
     CLsurf  =   0.59388     CDsurf  =   0.01946
     Deflect =

 Strip Forces referred to Strip Area, Chord
    j      Yle    Chord     Area     c cl      ai      cl_norm  cl       cd       cdv    cm_c/4    cm_LE  C.P.x/c
     1   0.0034   2.1937   0.0299   1.1660  -0.0544   0.5319   0.5319  -0.0008   0.0000  -0.0623  -0.1950    0.367
     2   0.0304   2.1884   0.0891   1.0030  -0.0517   0.4585   0.4584   0.0056   0.0000  -0.0552  -0.1696    0.370
     3   0.0840   2.1777   0.1468   0.9953  -0.0447   0.4572   0.4572   0.0048   0.0000  -0.0563  -0.1704    0.373
     4   0.1638   2.1619   0.2017   1.0032  -0.0335   0.4642   0.4641   0.0049   0.0000  -0.0601  -0.1759    0.379
     5   0.2688   2.1410   0.2531   1.0204  -0.0186   0.4768   0.4768   0.0035   0.0000  -0.0669  -0.1859    0.390
     6   0.3979   2.1154   0.3000   1.0531  -0.0003   0.4979   0.4979   0.0070   0.0000  -0.0775  -0.2017    0.406
     7   0.5496   2.0852   0.3417   1.0951   0.0212   0.5252   0.5251   0.0093   0.0000  -0.0919  -0.2229    0.425
     8   0.7223   2.0509   0.3776   1.1387   0.0461   0.5552   0.5552   0.0104   0.0000  -0.1085  -0.2470    0.445
     9   0.9142   2.0128   0.4073   1.1871   0.0750   0.5896   0.5896   0.0158   0.0000  -0.1270  -0.2741    0.465
    10   1.1285   1.9703   0.4526   1.2180   0.0866   0.6179   0.6179   0.0188   0.0000  -0.1410  -0.2952    0.478
    11   1.3637   1.9236   0.4694   1.2280   0.0787   0.6381   0.6380   0.0214   0.0000  -0.1485  -0.3078    0.483
    12   1.6118   1.8743   0.4793   1.2234   0.0734   0.6524   0.6523   0.0221   0.0000  -0.1529  -0.3158    0.484
    13   1.8700   1.8230   0.4823   1.2063   0.0715   0.6614   0.6613   0.0231   0.0000  -0.1553  -0.3204    0.485
    14   2.1357   1.7703   0.4789   1.1836   0.0720   0.6682   0.6682   0.0235   0.0000  -0.1569  -0.3237    0.485
    15   2.4057   1.7167   0.4695   1.1551   0.0716   0.6725   0.6725   0.0236   0.0000  -0.1578  -0.3257    0.485
    16   2.6723   1.6637   0.4384   1.1224   0.0703   0.6742   0.6742   0.0233   0.0000  -0.1582  -0.3265    0.485
    17   2.9325   1.6120   0.4201   1.0835   0.0693   0.6717   0.6717   0.0240   0.0000  -0.1581  -0.3257    0.485
    18   3.1884   1.5612   0.3979   1.0433   0.0691   0.6679   0.6678   0.0235   0.0000  -0.1579  -0.3246    0.486
    19   3.4372   1.5118   0.3724   0.9969   0.0699   0.6590   0.6590   0.0237   0.0000  -0.1571  -0.3216    0.488
    20   3.6775   1.4641   0.3480   0.9462   0.0717   0.6459   0.6458   0.0246   0.0000  -0.1559  -0.3171    0.491
    21   3.9066   1.4186   0.3174   0.8910   0.0746   0.6277   0.6276   0.0251   0.0000  -0.1541  -0.3108    0.496
    22   4.1206   1.3761   0.2853   0.8311   0.0789   0.6034   0.6034   0.0255   0.0000  -0.1515  -0.3021    0.501
    23   4.3172   1.3370   0.2522   0.7662   0.0846   0.5726   0.5726   0.0254   0.0000  -0.1477  -0.2906    0.508
    24   4.4942   1.3019   0.2186   0.6943   0.0918   0.5328   0.5327   0.0254   0.0000  -0.1420  -0.2750    0.516
    25   4.6536   1.2702   0.1944   0.6148   0.1009   0.4835   0.4834   0.0246   0.0000  -0.1338  -0.2545    0.527
    26   4.7929   1.2426   0.1585   0.5241   0.1119   0.4212   0.4212   0.0231   0.0000  -0.1215  -0.2267    0.539
    27   4.9062   1.2201   0.1229   0.4237   0.1242   0.3468   0.3467   0.0201   0.0000  -0.1045  -0.1910    0.551
    28   4.9923   1.2030   0.0875   0.3127   0.1373   0.2596   0.2595   0.0160   0.0000  -0.0815  -0.1463    0.564
    29   5.0502   1.1915   0.0524   0.1926   0.1502   0.1614   0.1614   0.0107   0.0000  -0.0525  -0.0928    0.575
    30   5.0794   1.1857   0.0174   0.0653   0.1592   0.0550   0.0549   0.0040   0.0000  -0.0182  -0.0320    0.582

  Surface # 2     main_wing (YDUP)                        
     # Chordwise = 10   # Spanwise = 30     First strip = 31
     Surface area =    8.662745       Ave. chord =    1.689678
     CLsurf  =   0.29696     Clsurf  =   0.06598
     CYsurf  =   0.03896     Cmsurf  =  -0.06017
     CDsurf  =   0.00981     Cnsurf  =  -0.00166
     CDisurf =   0.00981     CDvsurf =   0.00000

  Forces referred to Ssurf, Cave about hinge axis thru LE
     CLsurf  =   0.59388     CDsurf  =   0.01946
     Deflect =

 Strip Forces referred to Strip Area, Chord
    j      Yle    Chord     Area     c cl      ai      cl_norm  cl       cd       cdv    cm_c/4    cm_LE  C.P.x/c
    31  -0.0034   2.1937   0.0299   1.1660  -0.0544   0.5319   0.5319  -0.0008   0.0000  -0.0623   0.1950    0.367
    32  -0.0304   2.1884   0.0891   1.0030  -0.0517   0.4585   0.4584   0.0056   0.0000  -0.0552   0.1696    0.370
    33  -0.0840   2.1777   0.1468   0.9953  -0.0447   0.4572   0.4572   0.0048   0.0000  -0.0563   0.1704    0.373
    34  -0.1638   2.1619   0.2017   1.0032  -0.0335   0.4642   0.4641   0.0049   0.0000  -0.0601   0.1759    0.379
    35  -0.2688   2.1410   0.2531   1.0204  -0.0186   0.4768   0.4768   0.0035   0.0000  -0.0669   0.1859    0.390
    36  -0.3979   2.1154   0.3000   1.0531  -0.0003   0.4979   0.4979   0.0070   0.0000  -0.0775   0.2017    0.406
    37  -0.5496   2.0852   0.3417   1.0951   0.0212   0.5252   0.5251   0.0093   0.0000  -0.0919   0.2229    0.425
    38  -0.7223   2.0509   0.3776   1.1387   0.0461   0.5552   0.5552   0.0104   0.0000  -0.1085   0.2470    0.445
    39  -0.9142   2.0128   0.4073   1.1871   0.0750   0.5896   0.5896   0.0158   0.0000  -0.1270   0.2741    0.465
    40  -1.1285   1.9703   0.4526   1.2180   0.0866   0.6179   0.6179   0.0188   0.0000  -0.1410   0.2952    0.478
    41  -1.3637   1.9236   0.4694   1.2280   0.0787   0.6381   0.6380   0.0214   0.0000  -0.1485   0.3078    0.483
    42  -1.6118   1.8743   0.4793   1.2234   0.0734   0.6524   0.6523   0.0221   0.0000  -0.1529   0.3158    0.484
    43  -1.8700   1.8230   0.4823   1.2063   0.0715   0.6614   0.6613   0.0231   0.0000  -0.1553   0.3204    0.485
    44  -2.1357   1.7703   0.4789   1.1836   0.0720   0.6682   0.6682   0.0235   0.0000  -0.1569   0.3237    0.485
    45  -2.4057   1.7167   0.4695   1.1551   0.0716   0.6725   0.6725   0.0236   0.0000  -0.1578   0.3257    0.485
    46  -2.6723   1.6637   0.4384   1.1224   0.0703   0.6742   0.6742   0.0233   0.0000  -0.1582   0.3265    0.485
    47  -2.9325   1.6120   0.4201   1.0835   0.0693   0.6717   0.6717   0.0240   0.0000  -0.1581   0.3257    0.485
    48  -3.1884   1.5612   0.3979   1.0433   0.0691   0.6679   0.6678   0.0235   0.0000  -0.1579   0.3246    0.486
    49  -3.4372   1.5118   0.3724   0.9969   0.0699   0.6590   0.6590   0.0237   0.0000  -0.1571   0.3216    0.488
    50  -3.6775   1.4641   0.3480   0.9462   0.0717   0.6459   0.6458   0.0246   0.0000  -0.1559   0.3171    0.491
    51  -3.9066   1.4186   0.3174   0.8910   0.0746   0.6277   0.6276   0.0251   0.0000  -0.1541   0.3108    0.496
    52  -4.1206   1.3761   0.2853   0.8311   0.0789   0.6034   0.6034   0.0255   0.0000  -0.1515   0.3021    0.501
    53  -4.3172   1.3370   0.2522   0.7662   0.0846   0.5726   0.5726   0.0254   0.0000  -0.1477   0.2906    0.508
    54  -4.4942   1.3019   0.2186   0.6943   0.0918   0.5327   0.5327   0.0254   0.0000  -0.1420   0.2750    0.516
    55  -4.6536   1.2702   0.1944   0.6148   0.1009   0.4835   0.4834   0.0246   0.0000  -0.1338   0.2545    0.527
    56  -4.7929   1.2426   0.1585   0.5241   0.1119   0.4212   0.4212   0.0231   0.0000  -0.1215   0.2267    0.539
    57  -4.9062   1.2201   0.1229   0.4237   0.1242   0.3468   0.3467   0.0201   0.0000  -0.1045   0.1910    0.551
    58  -4.9923   1.2030   0.0875   0.3127   0.1373   0.2596   0.2595   0.0160   0.0000  -0.0815   0.1463    0.564
    59  -5.0502   1.1915   0.0524   0.1926   0.1502   0.1614   0.1614   0.0107   0.0000  -0.0525   0.0928    0.575
    60  -5.0794   1.1857   0.0174   0.0653   0.1592   0.0550   0.0549   0.0040   0.0000  -0.0182   0.0320    0.582

  Surface # 3     horizontal_stabilizer                   
     # Chordwise = 10   # Spanwise = 30     First strip = 61
     Surface area =    2.000000       Ave. chord =    1.000000
     CLsurf  =  -0.00504     Clsurf  =   0.00055
     CYsurf  =   0.00003     Cmsurf  =   0.01341
     CDsurf  =  -0.00024     Cnsurf  =  -0.00002
     CDisurf =  -0.00024     CDvsurf =   0.00000

  Forces referred to Ssurf, Cave about hinge axis thru LE
     CLsurf  =  -0.04329     CDsurf  =  -0.00204
     Deflect =

 Strip Forces referred to Strip Area, Chord
    j      Yle    Chord     Area     c cl      ai      cl_norm  cl       cd       cdv    cm_c/4    cm_LE  C.P.x/c
    61   0.0014   1.1973   0.0069  -0.0210   0.0331  -0.0175  -0.0175  -0.0006   0.0000   0.0005   0.0048    0.278
    62   0.0129   1.1951   0.0205  -0.0210   0.0331  -0.0176  -0.0175  -0.0006   0.0000   0.0005   0.0048    0.278
    63   0.0357   1.1906   0.0338  -0.0210   0.0331  -0.0177  -0.0176  -0.0006   0.0000   0.0005   0.0049    0.277
    64   0.0696   1.1839   0.0465  -0.0212   0.0332  -0.0179  -0.0179  -0.0007   0.0000   0.0005   0.0049    0.275
    65   0.1141   1.1751   0.0585  -0.0216   0.0332  -0.0184  -0.0183  -0.0007   0.0000   0.0004   0.0050    0.273
    66   0.1689   1.1642   0.0695  -0.0223   0.0334  -0.0192  -0.0192  -0.0007   0.0000   0.0003   0.0051    0.268
    67   0.2315   1.1519   0.0750  -0.0235   0.0336  -0.0205  -0.0204  -0.0008   0.0000   0.0003   0.0053    0.262
    68   0.3008   1.1382   0.0833  -0.0253   0.0339  -0.0222  -0.0222  -0.0008   0.0000   0.0001   0.0056    0.255
    69   0.3777   1.1230   0.0903  -0.0276   0.0343  -0.0247  -0.0246  -0.0009   0.0000  -0.0001   0.0060    0.247
    70   0.4614   1.1064   0.0960  -0.0307   0.0348  -0.0278  -0.0277  -0.0011   0.0000  -0.0003   0.0066    0.239
    71   0.5511   1.0887   0.1004  -0.0343   0.0354  -0.0316  -0.0315  -0.0013   0.0000  -0.0006   0.0072    0.231
    72   0.6456   1.0700   0.1034  -0.0384   0.0361  -0.0360  -0.0359  -0.0015   0.0000  -0.0009   0.0080    0.224
    73   0.7441   1.0506   0.1050  -0.0428   0.0368  -0.0409  -0.0407  -0.0018   0.0000  -0.0013   0.0089    0.218
    74   0.8453   1.0306   0.1054  -0.0473   0.0376  -0.0460  -0.0459  -0.0020   0.0000  -0.0017   0.0097    0.213
    75   0.9482   1.0102   0.1044  -0.0516   0.0383  -0.0512  -0.0510  -0.0023   0.0000  -0.0021   0.0106    0.209
    76   1.0518   0.9898   0.1023  -0.0553   0.0388  -0.0560  -0.0558  -0.0026   0.0000  -0.0025   0.0114    0.206
    77   1.1547   0.9694   0.0991  -0.0583   0.0392  -0.0603  -0.0601  -0.0029   0.0000  -0.0028   0.0121    0.203
    78   1.2559   0.9494   0.0949  -0.0604   0.0394  -0.0637  -0.0635  -0.0032   0.0000  -0.0032   0.0126    0.200
    79   1.3544   0.9300   0.0899  -0.0614   0.0394  -0.0661  -0.0659  -0.0033   0.0000  -0.0035   0.0129    0.197
    80   1.4489   0.9113   0.0840  -0.0612   0.0392  -0.0673  -0.0671  -0.0035   0.0000  -0.0038   0.0129    0.193
    81   1.5386   0.8936   0.0776  -0.0599   0.0390  -0.0672  -0.0670  -0.0035   0.0000  -0.0041   0.0126    0.189
    82   1.6223   0.8770   0.0705  -0.0575   0.0387  -0.0657  -0.0654  -0.0034   0.0000  -0.0043   0.0120    0.184
    83   1.6992   0.8618   0.0631  -0.0539   0.0383  -0.0627  -0.0625  -0.0033   0.0000  -0.0045   0.0111    0.179
    84   1.7685   0.8481   0.0552  -0.0493   0.0379  -0.0583  -0.0581  -0.0031   0.0000  -0.0045   0.0100    0.172
    85   1.8311   0.8358   0.0499  -0.0437   0.0375  -0.0524  -0.0523  -0.0028   0.0000  -0.0045   0.0086    0.165
    86   1.8859   0.8249   0.0411  -0.0371   0.0372  -0.0451  -0.0449  -0.0024   0.0000  -0.0042   0.0070    0.157
    87   1.9304   0.8161   0.0321  -0.0297   0.0369  -0.0365  -0.0364  -0.0019   0.0000  -0.0037   0.0054    0.148
    88   1.9643   0.8094   0.0230  -0.0217   0.0366  -0.0268  -0.0268  -0.0014   0.0000  -0.0029   0.0038    0.141
    89   1.9871   0.8049   0.0138  -0.0132   0.0364  -0.0164  -0.0164  -0.0008   0.0000  -0.0019   0.0022    0.134
    90   1.9986   0.8027   0.0046  -0.0044   0.0363  -0.0055  -0.0055  -0.0003   0.0000  -0.0007   0.0007    0.131

  Surface # 4     horizontal_stabilizer (YDUP)            
     # Chordwise = 10   # Spanwise = 30     First strip = 91
     Surface area =    2.000000       Ave. chord =    1.000000
     CLsurf  =  -0.00504     Clsurf  =  -0.00055
     CYsurf  =  -0.00003     Cmsurf  =   0.01341
     CDsurf  =  -0.00024     Cnsurf  =   0.00002
     CDisurf =  -0.00024     CDvsurf =   0.00000

  Forces referred to Ssurf, Cave about hinge axis thru LE
     CLsurf  =  -0.04329     CDsurf  =  -0.00204
     Deflect =

 Strip Forces referred to Strip Area, Chord
    j      Yle    Chord     Area     c cl      ai      cl_norm  cl       cd       cdv    cm_c/4    cm_LE  C.P.x/c
    91  -0.0014   1.1973   0.0069  -0.0210   0.0331  -0.0175  -0.0175  -0.0006   0.0000   0.0005  -0.0048    0.278
    92  -0.0129   1.1951   0.0205  -0.0210   0.0331  -0.0176  -0.0175  -0.0006   0.0000   0.0005  -0.0048    0.278
    93  -0.0357   1.1906   0.0338  -0.0210   0.0331  -0.0177  -0.0176  -0.0006   0.0000   0.0005  -0.0049    0.277
    94  -0.0696   1.1839   0.0465  -0.0212   0.0332  -0.0179  -0.0179  -0.0007   0.0000   0.0005  -0.0049    0.275
    95  -0.1141   1.1751   0.0585  -0.0216   0.0332  -0.0184  -0.0183  -0.0007   0.0000   0.0004  -0.0050    0.273
    96  -0.1689   1.1642   0.0695  -0.0223   0.0334  -0.0192  -0.0192  -0.0007   0.0000   0.0003  -0.0051    0.268
    97  -0.2315   1.1519   0.0750  -0.0235   0.0336  -0.0205  -0.0204  -0.0008   0.0000   0.0003  -0.0053    0.262
    98  -0.3008   1.1382   0.0833  -0.0253   0.0339  -0.0222  -0.0222  -0.0008   0.0000   0.0001  -0.0056    0.255
    99  -0.3777   1.1230   0.0903  -0.0276   0.0343  -0.0247  -0.0246  -0.0009   0.0000  -0.0001  -0.0060    0.247
   100  -0.4614   1.1064   0.0960  -0.0307   0.0348  -0.0278  -0.0277  -0.0011   0.0000  -0.0003  -0.0066    0.239
   101  -0.5511   1.0887   0.1004  -0.0343   0.0354  -0.0316  -0.0315  -0.0013   0.0000  -0.0006  -0.0072    0.231
   102  -0.6456   1.0700   0.1034  -0.0384   0.0361  -0.0360  -0.0359  -0.0015   0.0000  -0.0009  -0.0080    0.224
   103  -0.7441   1.0506   0.1050  -0.0428   0.0368  -0.0409  -0.0407  -0.0018   0.0000  -0.0013  -0.0089    0.218
   104  -0.8453   1.0306   0.1054  -0.0473   0.0376  -0.0460  -0.0459  -0.0020   0.0000  -0.0017  -0.0097    0.213
   105  -0.9482   1.0102   0.1044  -0.0516   0.0383  -0.0512  -0.0510  -0.0023   0.0000  -0.0021  -0.0106    0.209
   106  -1.0518   0.9898   0.1023  -0.0553   0.0388  -0.0560  -0.0558  -0.0026   0.0000  -0.0025  -0.0114    0.206
   107  -1.1547   0.9694   0.0991  -0.0583   0.0392  -0.0603  -0.0601  -0.0029   0.0000  -0.0028  -0.0121    0.203
   108  -1.2559   0.9494   0.0949  -0.0604   0.0394  -0.0637  -0.0635  -0.0032   0.0000  -0.0032  -0.0126    0.200
   109  -1.3544   0.9300   0.0899  -0.0614   0.0394  -0.0661  -0.0659  -0.0033   0.0000  -0.0035  -0.0129    0.197
   110  -1.4489   0.9113   0.0840  -0.0612   0.0392  -0.0673  -0.0671  -0.0035   0.0000  -0.0038  -0.0129    0.193
   111  -1.5386   0.8936   0.0776  -0.0599   0.0390  -0.0672  -0.0670  -0.0035   0.0000  -0.0041  -0.0126    0.189
   112  -1.6223   0.8770   0.0705  -0.0575   0.0387  -0.0657  -0.0654  -0.0034   0.0000  -0.0043  -0.0120    0.184
   113  -1.6992   0.8618   0.0631  -0.0539   0.0383  -0.0627  -0.0625  -0.0033   0.0000  -0.0045  -0.0111    0.179
   114  -1.7685   0.8481   0.0552  -0.0493   0.0379  -0.0583  -0.0581  -0.0031   0.0000  -0.0045  -0.0100    0.172
   115  -1.8311   0.8358   0.0499  -0.0437   0.0375  -0.0524  -0.0523  -0.0028   0.0000  -0.0045  -0.0086    0.165
   116  -1.8859   0.8249   0.0411  -0.0371   0.0372  -0.0451  -0.0449  -0.0024   0.0000  -0.0042  -0.0070    0.157
   117  -1.9304   0.8161   0.0321  -0.0297   0.0369  -0.0365  -0.0364  -0.0019   0.0000  -0.0037  -0.0054    0.148
   118  -1.9643   0.8094   0.0230  -0.0217   0.0366  -0.0268  -0.0268  -0.0014   0.0000  -0.0029  -0.0038    0.141
   119  -1.9871   0.8049   0.0138  -0.0132   0.0364  -0.0164  -0.0164  -0.0008   0.0000  -0.0019  -0.0022    0.134
   120  -1.9986   0.8027   0.0046  -0.0044   0.0363  -0.0055  -0.0055  -0.0003   0.0000  -0.0007  -0.0007    0.131

  Surface # 5     vertical_stabilizer                     
     # Chordwise = 10   # Spanwise = 30     First strip =121
     Surface area =    1.162981       Ave. chord =    0.785002
     CLsurf  =   0.00000     Clsurf  =   0.00000
     CYsurf  =   0.00000     Cmsurf  =  -0.00000
     CDsurf  =  -0.00000     Cnsurf  =  -0.00000
     CDisurf =  -0.00000     CDvsurf =   0.00000

  Forces referred to Ssurf, Cave about hinge axis thru LE
     CLsurf  =  -0.00000     CDsurf  =  -0.00000
     Deflect =

 Strip Forces referred to Strip Area, Chord
    j      Yle    Chord     Area     c cl      ai      cl_norm  cl       cd       cdv    cm_c/4    cm_LE  C.P.x/c
   121   0.0000   1.0573   0.0140  -0.0000   0.0000  -0.0000  -0.0000  -0.0000   0.0000  -0.0000   0.0000    0.130
   122   0.0000   1.0509   0.0227  -0.0000  -0.0000  -0.0000  -0.0000  -0.0000   0.0000  -0.0000   0.0000    0.138
   123   0.0000   1.0413   0.0311  -0.0000   0.0000  -0.0000  -0.0000  -0.0000   0.0000  -0.0000   0.0000    0.159
   124   0.0000   1.0287   0.0389  -0.0000  -0.0000  -0.0000  -0.0000  -0.0000   0.0000  -0.0000   0.0000    0.150
   125   0.0000   1.0133   0.0461  -0.0000  -0.0000  -0.0000  -0.0000   0.0000   0.0000  -0.0000   0.0000    0.155
   126   0.0000   0.9966   0.0440  -0.0000  -0.0000  -0.0000  -0.0000  -0.0000   0.0000  -0.0000   0.0000    0.168
   127   0.0000   0.9792   0.0488  -0.0000   0.0000  -0.0000  -0.0000  -0.0000   0.0000  -0.0000   0.0000    0.207
   128   0.0000   0.9597   0.0527  -0.0000   0.0000  -0.0000  -0.0000  -0.0000   0.0000  -0.0000   0.0000    0.192
   129   0.0000   0.9385   0.0559  -0.0000   0.0000  -0.0000  -0.0000  -0.0000   0.0000  -0.0000   0.0000    0.197
   130   0.0000   0.9157   0.0582  -0.0000   0.0000  -0.0000  -0.0000  -0.0000   0.0000  -0.0000   0.0000    0.217
   131   0.0000   0.8915   0.0596  -0.0000  -0.0000  -0.0000  -0.0000  -0.0000   0.0000  -0.0000   0.0000    0.208
   132   0.0000   0.8662   0.0602  -0.0000   0.0000  -0.0000  -0.0000   0.0000   0.0000  -0.0000   0.0000    0.204
   133   0.0000   0.8401   0.0601  -0.0000   0.0000  -0.0000  -0.0000  -0.0000   0.0000  -0.0000   0.0000    0.220
   134   0.0000   0.8133   0.0592  -0.0000  -0.0000  -0.0000  -0.0000  -0.0000   0.0000  -0.0000   0.0000    0.210
   135   0.0000   0.7863   0.0576  -0.0000   0.0000  -0.0000  -0.0000  -0.0000   0.0000  -0.0000   0.0000    0.213
   136   0.0000   0.7592   0.0554  -0.0000   0.0000  -0.0000  -0.0000  -0.0000   0.0000  -0.0000   0.0000    0.215
   137   0.0000   0.7323   0.0527  -0.0000  -0.0000  -0.0000  -0.0000  -0.0000   0.0000  -0.0000   0.0000    0.210
   138   0.0000   0.7060   0.0495  -0.0000   0.0000  -0.0000  -0.0000  -0.0000   0.0000  -0.0000   0.0000    0.207
   139   0.0000   0.6804   0.0460  -0.0000   0.0000  -0.0000  -0.0000  -0.0000   0.0000  -0.0000   0.0000    0.207
   140   0.0000   0.6560   0.0422  -0.0000   0.0000  -0.0000  -0.0000  -0.0000   0.0000  -0.0000   0.0000    0.195
   141   0.0000   0.6328   0.0383  -0.0000   0.0000  -0.0000  -0.0000  -0.0000   0.0000  -0.0000   0.0000    0.198
   142   0.0000   0.6112   0.0342  -0.0000  -0.0000  -0.0000  -0.0000  -0.0000   0.0000  -0.0000   0.0000    0.195
   143   0.0000   0.5914   0.0301  -0.0000   0.0000  -0.0000  -0.0000  -0.0000   0.0000  -0.0000   0.0000    0.187
   144   0.0000   0.5736   0.0259  -0.0000   0.0000  -0.0000  -0.0000  -0.0000   0.0000  -0.0000   0.0000    0.184
   145   0.0000   0.5570   0.0246  -0.0000   0.0000  -0.0000  -0.0000  -0.0000   0.0000  -0.0000   0.0000    0.176
   146   0.0000   0.5419   0.0200  -0.0000  -0.0000  -0.0000  -0.0000  -0.0000   0.0000  -0.0000   0.0000    0.178
   147   0.0000   0.5297   0.0154  -0.0000  -0.0000  -0.0000  -0.0000  -0.0000   0.0000  -0.0000   0.0000    0.161
   148   0.0000   0.5204   0.0109  -0.0000  -0.0000  -0.0000  -0.0000  -0.0000   0.0000  -0.0000   0.0000    0.153
   149   0.0000   0.5141   0.0065  -0.0000   0.0000  -0.0000  -0.0000  -0.0000   0.0000  -0.0000   0.0000    0.144
   150   0.0000   0.5110   0.0022  -0.0000  -0.0000  -0.0000  -0.0000  -0.0000   0.0000  -0.0000   0.0000    0.139
 ---------------------------------------------------------------
