 ---------------------------------------------------------------
 Surface and Strip Forces by surface

  Forces referred to Sref, Cref, Bref about Xref, Yref, Zref
 Standard axis orientation,  X fwd, Z down         

  Surface # 1     main_wing                               
     # Chordwise = 10   # Spanwise = 30     First strip =  1
     Surface area =    8.662745       Ave. chord =    1.689678
     CLsurf  =   0.48541     Clsurf  =  -0.10481
     CYsurf  =  -0.06657     Cmsurf  =  -0.06930
     CDsurf  =   0.02547     Cnsurf  =  -0.00099
     CDisurf =   0.02547     CDvsurf =   0.00000

  Forces referred to Ssurf, Cave about hinge axis thru LE
     CLsurf  =   0.97151     CDsurf  =   0.05051
     Deflect =

 Strip Forces referred to Strip Area, Chord
    j      Yle    Chord     Area     c cl      ai      cl_norm  cl       cd       cdv    cm_c/4    cm_LE  C.P.x/c
     1   0.0034   2.1937   0.0299   2.5695  -0.0067   1.1717   1.1715   0.0484   0.0000  -0.0922  -0.3848    0.329
     2   0.0304   2.1884   0.0891   1.8723  -0.0044   0.8557   0.8556   0.0372   0.0000  -0.0761  -0.2899    0.339
     3   0.0840   2.1777   0.1468   1.8244   0.0020   0.8382   0.8380   0.0333   0.0000  -0.0766  -0.2859    0.341
     4   0.1638   2.1619   0.2017   1.8236   0.0128   0.8441   0.8439   0.0317   0.0000  -0.0804  -0.2912    0.345
     5   0.2688   2.1410   0.2531   1.8326   0.0274   0.8567   0.8566   0.0299   0.0000  -0.0883  -0.3022    0.353
     6   0.3979   2.1154   0.3000   1.8747   0.0457   0.8866   0.8864   0.0361   0.0000  -0.0997  -0.3212    0.363
     7   0.5496   2.0852   0.3417   1.9135   0.0675   0.9180   0.9178   0.0373   0.0000  -0.1150  -0.3443    0.375
     8   0.7223   2.0509   0.3776   1.9467   0.0929   0.9498   0.9496   0.0363   0.0000  -0.1344  -0.3715    0.392
     9   0.9142   2.0128   0.4073   1.9909   0.1222   0.9895   0.9893   0.0412   0.0000  -0.1557  -0.4028    0.407
    10   1.1285   1.9703   0.4526   2.0112   0.1337   1.0207   1.0204   0.0477   0.0000  -0.1717  -0.4267    0.418
    11   1.3637   1.9236   0.4694   2.0127   0.1248   1.0460   1.0457   0.0523   0.0000  -0.1809  -0.4422    0.423
    12   1.6118   1.8743   0.4793   1.9924   0.1174   1.0625   1.0623   0.0542   0.0000  -0.1864  -0.4519    0.425
    13   1.8700   1.8230   0.4823   1.9570   0.1120   1.0728   1.0726   0.0568   0.0000  -0.1900  -0.4581    0.427
    14   2.1357   1.7703   0.4789   1.9149   0.1084   1.0810   1.0807   0.0575   0.0000  -0.1923  -0.4625    0.428
    15   2.4057   1.7167   0.4695   1.8642   0.1061   1.0852   1.0850   0.0581   0.0000  -0.1938  -0.4650    0.429
    16   2.6723   1.6637   0.4384   1.8078   0.1047   1.0859   1.0857   0.0576   0.0000  -0.1943  -0.4657    0.429
    17   2.9325   1.6120   0.4201   1.7379   0.1042   1.0772   1.0769   0.0593   0.0000  -0.1937  -0.4629    0.430
    18   3.1884   1.5612   0.3979   1.6704   0.1046   1.0692   1.0689   0.0578   0.0000  -0.1932  -0.4605    0.431
    19   3.4372   1.5118   0.3724   1.5894   0.1060   1.0504   1.0502   0.0579   0.0000  -0.1915  -0.4541    0.432
    20   3.6775   1.4641   0.3480   1.5020   0.1086   1.0248   1.0246   0.0593   0.0000  -0.1891  -0.4453    0.435
    21   3.9066   1.4186   0.3174   1.4077   0.1124   0.9911   0.9909   0.0595   0.0000  -0.1857  -0.4335    0.437
    22   4.1206   1.3761   0.2853   1.3041   0.1175   0.9463   0.9461   0.0596   0.0000  -0.1808  -0.4174    0.441
    23   4.3172   1.3370   0.2522   1.1945   0.1241   0.8919   0.8917   0.0580   0.0000  -0.1742  -0.3973    0.445
    24   4.4942   1.3019   0.2186   1.0737   0.1320   0.8231   0.8229   0.0566   0.0000  -0.1653  -0.3713    0.451
    25   4.6536   1.2702   0.1944   0.9429   0.1415   0.7406   0.7404   0.0534   0.0000  -0.1533  -0.3387    0.457
    26   4.7929   1.2426   0.1585   0.7954   0.1526   0.6385   0.6383   0.0488   0.0000  -0.1368  -0.2966    0.464
    27   4.9062   1.2201   0.1229   0.6368   0.1646   0.5204   0.5203   0.0415   0.0000  -0.1153  -0.2456    0.472
    28   4.9923   1.2030   0.0875   0.4658   0.1770   0.3859   0.3859   0.0323   0.0000  -0.0883  -0.1850    0.479
    29   5.0502   1.1915   0.0524   0.2848   0.1887   0.2382   0.2381   0.0209   0.0000  -0.0560  -0.1157    0.485
    30   5.0794   1.1857   0.0174   0.0961   0.1966   0.0807   0.0807   0.0076   0.0000  -0.0193  -0.0395    0.489

  Surface # 2     main_wing (YDUP)                        
     # Chordwise = 10   # Spanwise = 30     First strip = 31
     Surface area =    8.662745       Ave. chord =    1.689678
     CLsurf  =   0.48541     Clsurf  =   0.10481
     CYsurf  =   0.06657     Cmsurf  =  -0.06930
     CDsurf  =   0.02547     Cnsurf  =   0.00099
     CDisurf =   0.02547     CDvsurf =   0.00000

  Forces referred to Ssurf, Cave about hinge axis thru LE
     CLsurf  =   0.97150     CDsurf  =   0.05051
     Deflect =

 Strip Forces referred to Strip Area, Chord
    j      Yle    Chord     Area     c cl      ai      cl_norm  cl       cd       cdv    cm_c/4    cm_LE  C.P.x/c
    31  -0.0034   2.1937   0.0299   2.5695  -0.0067   1.1717   1.1715   0.0484   0.0000  -0.0922   0.3848    0.329
    32  -0.0304   2.1884   0.0891   1.8723  -0.0044   0.8557   0.8556   0.0372   0.0000  -0.0761   0.2899    0.339
    33  -0.0840   2.1777   0.1468   1.8244   0.0020   0.8382   0.8380   0.0333   0.0000  -0.0766   0.2859    0.341
    34  -0.1638   2.1619   0.2017   1.8236   0.0128   0.8441   0.8439   0.0317   0.0000  -0.0804   0.2912    0.345
    35  -0.2688   2.1410   0.2531   1.8326   0.0274   0.8567   0.8566   0.0299   0.0000  -0.0883   0.3022    0.353
    36  -0.3979   2.1154   0.3000   1.8747   0.0457   0.8866   0.8864   0.0361   0.0000  -0.0997   0.3212    0.363
    37  -0.5496   2.0852   0.3417   1.9135   0.0675   0.9180   0.9178   0.0373   0.0000  -0.1150   0.3443    0.375
    38  -0.7223   2.0509   0.3776   1.9467   0.0929   0.9498   0.9496   0.0363   0.0000  -0.1344   0.3715    0.392
    39  -0.9142   2.0128   0.4073   1.9909   0.1222   0.9895   0.9893   0.0412   0.0000  -0.1557   0.4028    0.407
    40  -1.1285   1.9703   0.4526   2.0112   0.1337   1.0207   1.0204   0.0477   0.0000  -0.1717   0.4267    0.418
    41  -1.3637   1.9236   0.4694   2.0127   0.1248   1.0460   1.0457   0.0523   0.0000  -0.1809   0.4422    0.423
    42  -1.6118   1.8743   0.4793   1.9924   0.1174   1.0625   1.0623   0.0542   0.0000  -0.1864   0.4519    0.425
    43  -1.8700   1.8230   0.4823   1.9570   0.1120   1.0728   1.0726   0.0568   0.0000  -0.1900   0.4581    0.427
    44  -2.1357   1.7703   0.4789   1.9149   0.1084   1.0810   1.0807   0.0575   0.0000  -0.1923   0.4625    0.428
    45  -2.4057   1.7167   0.4695   1.8642   0.1061   1.0852   1.0850   0.0581   0.0000  -0.1938   0.4650    0.429
    46  -2.6723   1.6637   0.4384   1.8078   0.1047   1.0859   1.0857   0.0576   0.0000  -0.1943   0.4657    0.429
    47  -2.9325   1.6120   0.4201   1.7379   0.1042   1.0772   1.0769   0.0593   0.0000  -0.1937   0.4629    0.430
    48  -3.1884   1.5612   0.3979   1.6704   0.1046   1.0692   1.0689   0.0578   0.0000  -0.1932   0.4604    0.431
    49  -3.4372   1.5118   0.3724   1.5893   0.1060   1.0504   1.0502   0.0579   0.0000  -0.1915   0.4541    0.432
    50  -3.6775   1.4641   0.3480   1.5020   0.1086   1.0248   1.0246   0.0593   0.0000  -0.1891   0.4453    0.435
    51  -3.9066   1.4186   0.3174   1.4077   0.1124   0.9911   0.9909   0.0595   0.0000  -0.1857   0.4335    0.437
    52  -4.1206   1.3761   0.2853   1.3041   0.1175   0.9463   0.9461   0.0596   0.0000  -0.1808   0.4174    0.441
    53  -4.3172   1.3370   0.2522   1.1945   0.1241   0.8919   0.8917   0.0580   0.0000  -0.1742   0.3973    0.445
    54  -4.4942   1.3019   0.2186   1.0737   0.1320   0.8231   0.8229   0.0566   0.0000  -0.1653   0.3713    0.451
    55  -4.6536   1.2702   0.1944   0.9429   0.1415   0.7406   0.7404   0.0534   0.0000  -0.1533   0.3387    0.457
    56  -4.7929   1.2426   0.1585   0.7954   0.1526   0.6385   0.6383   0.0488   0.0000  -0.1368   0.2966    0.464
    57  -4.9062   1.2201   0.1229   0.6368   0.1646   0.5204   0.5203   0.0415   0.0000  -0.1153   0.2456    0.472
    58  -4.9923   1.2030   0.0875   0.4658   0.1770   0.3859   0.3859   0.0323   0.0000  -0.0883   0.1850    0.479
    59  -5.0502   1.1915   0.0524   0.2848   0.1887   0.2382   0.2381   0.0209   0.0000  -0.0560   0.1157    0.485
    60  -5.0794   1.1857   0.0174   0.0961   0.1966   0.0807   0.0807   0.0076   0.0000  -0.0193   0.0395    0.489

  Surface # 3     horizontal_stabilizer                   
     # Chordwise = 10   # Spanwise = 30     First strip = 61
     Surface area =    2.000000       Ave. chord =    1.000000
     CLsurf  =   0.00416     Clsurf  =  -0.00021
     CYsurf  =  -0.00005     Cmsurf  =  -0.01114
     CDsurf  =   0.00033     Cnsurf  =   0.00002
     CDisurf =   0.00033     CDvsurf =   0.00000

  Forces referred to Ssurf, Cave about hinge axis thru LE
     CLsurf  =   0.03572     CDsurf  =   0.00284
     Deflect =

 Strip Forces referred to Strip Area, Chord
    j      Yle    Chord     Area     c cl      ai      cl_norm  cl       cd       cdv    cm_c/4    cm_LE  C.P.x/c
    61   0.0014   1.1973   0.0069   0.0839   0.0828   0.0699   0.0697   0.0077   0.0000   0.0016  -0.0158    0.227
    62   0.0129   1.1951   0.0205   0.0839   0.0828   0.0702   0.0700   0.0056   0.0000   0.0016  -0.0158    0.227
    63   0.0357   1.1906   0.0338   0.0838   0.0827   0.0704   0.0702   0.0054   0.0000   0.0017  -0.0159    0.226
    64   0.0696   1.1839   0.0465   0.0836   0.0827   0.0706   0.0704   0.0054   0.0000   0.0017  -0.0159    0.226
    65   0.1141   1.1751   0.0585   0.0830   0.0826   0.0706   0.0704   0.0054   0.0000   0.0017  -0.0158    0.225
    66   0.1689   1.1642   0.0695   0.0818   0.0826   0.0703   0.0701   0.0053   0.0000   0.0017  -0.0157    0.225
    67   0.2315   1.1519   0.0750   0.0800   0.0827   0.0695   0.0693   0.0053   0.0000   0.0017  -0.0156    0.225
    68   0.3008   1.1382   0.0833   0.0775   0.0827   0.0681   0.0679   0.0052   0.0000   0.0016  -0.0153    0.227
    69   0.3777   1.1230   0.0903   0.0740   0.0829   0.0659   0.0657   0.0051   0.0000   0.0014  -0.0150    0.229
    70   0.4614   1.1064   0.0960   0.0695   0.0831   0.0628   0.0626   0.0049   0.0000   0.0011  -0.0145    0.232
    71   0.5511   1.0887   0.1004   0.0640   0.0835   0.0588   0.0586   0.0047   0.0000   0.0008  -0.0138    0.236
    72   0.6456   1.0700   0.1034   0.0578   0.0839   0.0540   0.0538   0.0043   0.0000   0.0004  -0.0130    0.242
    73   0.7441   1.0506   0.1050   0.0508   0.0844   0.0484   0.0482   0.0040   0.0000  -0.0001  -0.0121    0.251
    74   0.8453   1.0306   0.1054   0.0435   0.0849   0.0422   0.0421   0.0035   0.0000  -0.0005  -0.0110    0.263
    75   0.9482   1.0102   0.1044   0.0361   0.0854   0.0357   0.0356   0.0030   0.0000  -0.0010  -0.0099    0.278
    76   1.0518   0.9898   0.1023   0.0288   0.0858   0.0291   0.0290   0.0025   0.0000  -0.0015  -0.0087    0.301
    77   1.1547   0.9694   0.0991   0.0220   0.0862   0.0227   0.0226   0.0020   0.0000  -0.0019  -0.0075    0.333
    78   1.2559   0.9494   0.0949   0.0159   0.0864   0.0167   0.0166   0.0015   0.0000  -0.0022  -0.0064    0.384
    79   1.3544   0.9300   0.0899   0.0105   0.0865   0.0113   0.0113   0.0010   0.0000  -0.0025  -0.0053    0.475
    80   1.4489   0.9113   0.0840   0.0060   0.0865   0.0066   0.0066   0.0006   0.0000  -0.0028  -0.0044    0.668
    81   1.5386   0.8936   0.0776   0.0024   0.0864   0.0027   0.0027   0.0002   0.0000  -0.0029  -0.0036    1.328
    82   1.6223   0.8770   0.0705  -0.0003   0.0864  -0.0004  -0.0004  -0.0001   0.0000  -0.0030  -0.0029
    83   1.6992   0.8618   0.0631  -0.0023   0.0864  -0.0026  -0.0026  -0.0003   0.0000  -0.0030  -0.0023   -0.893
    84   1.7685   0.8481   0.0552  -0.0035   0.0863  -0.0041  -0.0041  -0.0004   0.0000  -0.0029  -0.0019   -0.464
    85   1.8311   0.8358   0.0499  -0.0041   0.0863  -0.0049  -0.0049  -0.0005   0.0000  -0.0028  -0.0015   -0.317
    86   1.8859   0.8249   0.0411  -0.0041   0.0863  -0.0050  -0.0050  -0.0005   0.0000  -0.0025  -0.0012   -0.251
    87   1.9304   0.8161   0.0321  -0.0037   0.0863  -0.0045  -0.0045  -0.0004   0.0000  -0.0021  -0.0010   -0.220
    88   1.9643   0.8094   0.0230  -0.0029   0.0863  -0.0036  -0.0036  -0.0003   0.0000  -0.0016  -0.0007   -0.206
    89   1.9871   0.8049   0.0138  -0.0018   0.0863  -0.0023  -0.0023  -0.0002   0.0000  -0.0010  -0.0005   -0.201
    90   1.9986   0.8027   0.0046  -0.0006   0.0864  -0.0008  -0.0008  -0.0001   0.0000  -0.0004  -0.0002   -0.200

  Surface # 4     horizontal_stabilizer (YDUP)            
     # Chordwise = 10   # Spanwise = 30     First strip = 91
     Surface area =    2.000000       Ave. chord =    1.000000
     CLsurf  =   0.00416     Clsurf  =   0.00021
     CYsurf  =   0.00005     Cmsurf  =  -0.01114
     CDsurf  =   0.00033     Cnsurf  =  -0.00002
     CDisurf =   0.00033     CDvsurf =   0.00000

  Forces referred to Ssurf, Cave about hinge axis thru LE
     CLsurf  =   0.03572     CDsurf  =   0.00284
     Deflect =

 Strip Forces referred to Strip Area, Chord
    j      Yle    Chord     Area     c cl      ai      cl_norm  cl       cd       cdv    cm_c/4    cm_LE  C.P.x/c
    91  -0.0014   1.1973   0.0069   0.0839   0.0828   0.0699   0.0697   0.0077   0.0000   0.0016   0.0158    0.227
    92  -0.0129   1.1951   0.0205   0.0839   0.0828   0.0702   0.0700   0.0056   0.0000   0.0016   0.0158    0.227
    93  -0.0357   1.1906   0.0338   0.0838   0.0827   0.0704   0.0702   0.0054   0.0000   0.0017   0.0159    0.226
    94  -0.0696   1.1839   0.0465   0.0836   0.0827   0.0706   0.0704   0.0054   0.0000   0.0017   0.0159    0.226
    95  -0.1141   1.1751   0.0585   0.0830   0.0826   0.0706   0.0704   0.0054   0.0000   0.0017   0.0158    0.225
    96  -0.1689   1.1642   0.0695   0.0818   0.0826   0.0703   0.0701   0.0053   0.0000   0.0017   0.0157    0.225
    97  -0.2315   1.1519   0.0750   0.0800   0.0826   0.0695   0.0693   0.0053   0.0000   0.0017   0.0156    0.225
    98  -0.3008   1.1382   0.0833   0.0775   0.0827   0.0681   0.0679   0.0052   0.0000   0.0016   0.0153    0.227
    99  -0.3777   1.1230   0.0903   0.0740   0.0829   0.0659   0.0657   0.0051   0.0000   0.0014   0.0150    0.229
   100  -0.4614   1.1064   0.0960   0.0695   0.0831   0.0628   0.0626   0.0049   0.0000   0.0011   0.0145    0.232
   101  -0.5511   1.0887   0.1004   0.0640   0.0835   0.0588   0.0586   0.0047   0.0000   0.0008   0.0138    0.236
   102  -0.6456   1.0700   0.1034   0.0578   0.0839   0.0540   0.0538   0.0043   0.0000   0.0004   0.0130    0.242
   103  -0.7441   1.0506   0.1050   0.0508   0.0844   0.0484   0.0482   0.0040   0.0000  -0.0001   0.0121    0.251
   104  -0.8453   1.0306   0.1054   0.0435   0.0849   0.0422   0.0421   0.0035   0.0000  -0.0005   0.0110    0.263
   105  -0.9482   1.0102   0.1044   0.0361   0.0854   0.0357   0.0356   0.0030   0.0000  -0.0010   0.0099    0.278
   106  -1.0518   0.9898   0.1023   0.0288   0.0858   0.0291   0.0290   0.0025   0.0000  -0.0015   0.0087    0.301
   107  -1.1547   0.9694   0.0991   0.0220   0.0862   0.0227   0.0226   0.0020   0.0000  -0.0019   0.0075    0.333
   108  -1.2559   0.9494   0.0949   0.0159   0.0864   0.0167   0.0166   0.0015   0.0000  -0.0022   0.0064    0.384
   109  -1.3544   0.9300   0.0899   0.0105   0.0865   0.0113   0.0113   0.0010   0.0000  -0.0025   0.0053    0.475
   110  -1.4489   0.9113   0.0840   0.0060   0.0865   0.0066   0.0066   0.0006   0.0000  -0.0028   0.0044    0.668
   111  -1.5386   0.8936   0.0776   0.0024   0.0864   0.0027   0.0027   0.0002   0.0000  -0.0029   0.0036    1.328
   112  -1.6223   0.8770   0.0705  -0.0003   0.0864  -0.0004  -0.0004  -0.0001   0.0000  -0.0030   0.0029
   113  -1.6992   0.8618   0.0631  -0.0023   0.0864  -0.0026  -0.0026  -0.0003   0.0000  -0.0030   0.0023   -0.893
   114  -1.7685   0.8481   0.0552  -0.0035   0.0863  -0.0041  -0.0041  -0.0004   0.0000  -0.0029   0.0019   -0.464
   115  -1.8311   0.8358   0.0499  -0.0041   0.0863  -0.0049  -0.0049  -0.0005   0.0000  -0.0028   0.0015   -0.317
   116  -1.8859   0.8249   0.0411  -0.0041   0.0863  -0.0050  -0.0050  -0.0005   0.0000  -0.0025   0.0012   -0.251
   117  -1.9304   0.8161   0.0321  -0.0037   0.0863  -0.0045  -0.0045  -0.0004   0.0000  -0.0021   0.0010   -0.220
   118  -1.9643   0.8094   0.0230  -0.0029   0.0863  -0.0036  -0.0036  -0.0003   0.0000  -0.0016   0.0007   -0.206
   119  -1.9871   0.8049   0.0138  -0.0018   0.0863  -0.0023  -0.0023  -0.0002   0.0000  -0.0010   0.0005   -0.201
   120  -1.9986   0.8027   0.0046  -0.0006   0.0864  -0.0008  -0.0008  -0.0001   0.0000  -0.0004   0.0002   -0.200

  Surface # 5     vertical_stabilizer                     
     # Chordwise = 10   # Spanwise = 30     First strip =121
     Surface area =    1.162981       Ave. chord =    0.785002
     CLsurf  =   0.00000     Clsurf  =   0.00000
     CYsurf  =   0.00000     Cmsurf  =  -0.00000
     CDsurf  =  -0.00000     Cnsurf  =  -0.00000
     CDisurf =  -0.00000     CDvsurf =   0.00000

  Forces referred to Ssurf, Cave about hinge axis thru LE
     CLsurf  =  -0.00000     CDsurf  =  -0.00000
     Deflect =

 Strip Forces referred to Strip Area, Chord
    j      Yle    Chord     Area     c cl      ai      cl_norm  cl       cd       cdv    cm_c/4    cm_LE  C.P.x/c
   121   0.0000   1.0573   0.0140  -0.0000   0.0000  -0.0000  -0.0000  -0.0000   0.0000  -0.0000   0.0000    0.172
   122   0.0000   1.0509   0.0227  -0.0000   0.0000  -0.0000  -0.0000  -0.0000   0.0000  -0.0000   0.0000    0.180
   123   0.0000   1.0413   0.0311  -0.0000   0.0000  -0.0000  -0.0000  -0.0000   0.0000  -0.0000   0.0000    0.188
   124   0.0000   1.0287   0.0389  -0.0000   0.0000  -0.0000  -0.0000  -0.0000   0.0000  -0.0000   0.0000    0.188
   125   0.0000   1.0133   0.0461  -0.0000   0.0000  -0.0000  -0.0000   0.0000   0.0000  -0.0000   0.0000    0.181
   126   0.0000   0.9966   0.0440  -0.0000   0.0000  -0.0000  -0.0000  -0.0000   0.0000  -0.0000   0.0000    0.195
   127   0.0000   0.9792   0.0488  -0.0000  -0.0000  -0.0000  -0.0000  -0.0000   0.0000  -0.0000   0.0000    0.211
   128   0.0000   0.9597   0.0527  -0.0000   0.0000  -0.0000  -0.0000  -0.0000   0.0000  -0.0000   0.0000    0.214
   129   0.0000   0.9385   0.0559  -0.0000   0.0000  -0.0000  -0.0000  -0.0000   0.0000  -0.0000   0.0000    0.216
   130   0.0000   0.9157   0.0582  -0.0000   0.0000  -0.0000  -0.0000  -0.0000   0.0000  -0.0000   0.0000    0.220
   131   0.0000   0.8915   0.0596  -0.0000   0.0000  -0.0000  -0.0000  -0.0000   0.0000  -0.0000   0.0000    0.220
   132   0.0000   0.8662   0.0602  -0.0000   0.0000  -0.0000  -0.0000  -0.0000   0.0000  -0.0000   0.0000    0.213
   133   0.0000   0.8401   0.0601  -0.0000   0.0000  -0.0000  -0.0000  -0.0000   0.0000  -0.0000   0.0000    0.214
   134   0.0000   0.8133   0.0592  -0.0000   0.0000  -0.0000  -0.0000  -0.0000   0.0000  -0.0000   0.0000    0.218
   135   0.0000   0.7863   0.0576  -0.0000  -0.0000  -0.0000  -0.0000  -0.0000   0.0000  -0.0000   0.0000    0.219
   136   0.0000   0.7592   0.0554  -0.0000   0.0000  -0.0000  -0.0000  -0.0000   0.0000  -0.0000   0.0000    0.219
   137   0.0000   0.7323   0.0527  -0.0000   0.0000  -0.0000  -0.0000  -0.0000   0.0000  -0.0000   0.0000    0.216
   138   0.0000   0.7060   0.0495  -0.0000   0.0000  -0.0000  -0.0000  -0.0000   0.0000  -0.0000   0.0000    0.214
   139   0.0000   0.6804   0.0460  -0.0000   0.0000  -0.0000  -0.0000  -0.0000   0.0000  -0.0000   0.0000    0.205
   140   0.0000   0.6560   0.0422  -0.0000   0.0000  -0.0000  -0.0000  -0.0000   0.0000  -0.0000   0.0000    0.203
   141   0.0000   0.6328   0.0383  -0.0000   0.0000  -0.0000  -0.0000  -0.0000   0.0000  -0.0000   0.0000    0.202
   142   0.0000   0.6112   0.0342  -0.0000   0.0000  -0.0000  -0.0000  -0.0000   0.0000  -0.0000   0.0000    0.195
   143   0.0000   0.5914   0.0301  -0.0000   0.0000  -0.0000  -0.0000  -0.0000   0.0000  -0.0000   0.0000    0.188
   144   0.0000   0.5736   0.0259  -0.0000   0.0000  -0.0000  -0.0000  -0.0000   0.0000  -0.0000   0.0000    0.180
   145   0.0000   0.5570   0.0246  -0.0000   0.0000  -0.0000  -0.0000  -0.0000   0.0000  -0.0000   0.0000    0.168
   146   0.0000   0.5419   0.0200  -0.0000   0.0000  -0.0000  -0.0000  -0.0000   0.0000  -0.0000   0.0000    0.154
   147   0.0000   0.5297   0.0154  -0.0000   0.0000  -0.0000  -0.0000  -0.0000   0.0000  -0.0000   0.0000    0.145
   148   0.0000   0.5204   0.0109  -0.0000   0.0000  -0.0000  -0.0000  -0.0000   0.0000  -0.0000   0.0000    0.144
   149   0.0000   0.5141   0.0065  -0.0000   0.0000  -0.0000  -0.0000  -0.0000   0.0000  -0.0000   0.0000    0.129
   150   0.0000   0.5110   0.0022  -0.0000   0.0000  -0.0000  -0.0000  -0.0000   0.0000  -0.0000   0.0000    0.121
 ---------------------------------------------------------------
