 ---------------------------------------------------------------
 Surface and Strip Forces by surface

  Forces referred to Sref, Cref, Bref about Xref, Yref, Zref
 Standard axis orientation,  X fwd, Z down         

  Surface # 1     main_wing                               
     # Chordwise = 10   # Spanwise = 30     First strip =  1
     Surface area =    8.662745       Ave. chord =    1.689678
     CLsurf  =   0.87177     Clsurf  =  -0.18202
     CYsurf  =  -0.12863     Cmsurf  =  -0.07782
     CDsurf  =   0.08173     Cnsurf  =  -0.01027
     CDisurf =   0.08173     CDvsurf =   0.00000

  Forces referred to Ssurf, Cave about hinge axis thru LE
     CLsurf  =   1.74708     CDsurf  =   0.16206
     Deflect =

 Strip Forces referred to Strip Area, Chord
    j      Yle    Chord     Area     c cl      ai      cl_norm  cl       cd       cdv    cm_c/4    cm_LE  C.P.x/c
     1   0.0034   2.1937   0.0299   7.7707   0.0883   3.5117   3.5093   0.4942   0.0000  -0.1405  -1.0259    0.290
     2   0.0304   2.1884   0.0891   3.9071   0.0904   1.7796   1.7784   0.1939   0.0000  -0.1111  -0.5580    0.312
     3   0.0840   2.1777   0.1468   3.6146   0.0960   1.6578   1.6567   0.1611   0.0000  -0.1104  -0.5259    0.317
     4   0.1638   2.1619   0.2017   3.5577   0.1061   1.6450   1.6438   0.1524   0.0000  -0.1140  -0.5260    0.319
     5   0.2688   2.1410   0.2531   3.5133   0.1203   1.6426   1.6415   0.1388   0.0000  -0.1243  -0.5351    0.326
     6   0.3979   2.1154   0.3000   3.6033   0.1383   1.7034   1.7023   0.1534   0.0000  -0.1337  -0.5601    0.329
     7   0.5496   2.0852   0.3417   3.6692   0.1600   1.7614   1.7602   0.1485   0.0000  -0.1530  -0.5934    0.337
     8   0.7223   2.0509   0.3776   3.6317   0.1854   1.7743   1.7731   0.1394   0.0000  -0.1767  -0.6199    0.350
     9   0.9142   2.0128   0.4073   3.6500   0.2146   1.8156   1.8143   0.1511   0.0000  -0.1967  -0.6505    0.358
    10   1.1285   1.9703   0.4526   3.6432   0.2256   1.8507   1.8494   0.1576   0.0000  -0.2206  -0.6833    0.369
    11   1.3637   1.9236   0.4694   3.6331   0.2151   1.8899   1.8886   0.1637   0.0000  -0.2319  -0.7046    0.373
    12   1.6118   1.8743   0.4793   3.5788   0.2048   1.9102   1.9089   0.1678   0.0000  -0.2392  -0.7170    0.375
    13   1.8700   1.8230   0.4823   3.4896   0.1946   1.9138   1.9125   0.1751   0.0000  -0.2444  -0.7233    0.378
    14   2.1357   1.7703   0.4789   3.4033   0.1857   1.9218   1.9205   0.1772   0.0000  -0.2475  -0.7285    0.379
    15   2.4057   1.7167   0.4695   3.3036   0.1808   1.9236   1.9223   0.1786   0.0000  -0.2497  -0.7312    0.380
    16   2.6723   1.6637   0.4384   3.1992   0.1790   1.9225   1.9212   0.1760   0.0000  -0.2504  -0.7316    0.380
    17   2.9325   1.6120   0.4201   3.0621   0.1787   1.8983   1.8970   0.1787   0.0000  -0.2492  -0.7245    0.381
    18   3.1884   1.5612   0.3979   2.9364   0.1795   1.8799   1.8786   0.1753   0.0000  -0.2477  -0.7183    0.382
    19   3.4372   1.5118   0.3724   2.7823   0.1812   1.8392   1.8380   0.1728   0.0000  -0.2439  -0.7044    0.383
    20   3.6775   1.4641   0.3480   2.6157   0.1839   1.7846   1.7834   0.1723   0.0000  -0.2386  -0.6856    0.384
    21   3.9066   1.4186   0.3174   2.4349   0.1878   1.7136   1.7124   0.1709   0.0000  -0.2316  -0.6611    0.385
    22   4.1206   1.3761   0.2853   2.2422   0.1929   1.6261   1.6250   0.1662   0.0000  -0.2223  -0.6300    0.387
    23   4.3172   1.3370   0.2522   2.0369   0.1992   1.5197   1.5186   0.1589   0.0000  -0.2108  -0.5920    0.389
    24   4.4942   1.3019   0.2186   1.8150   0.2067   1.3898   1.3889   0.1506   0.0000  -0.1959  -0.5447    0.391
    25   4.6536   1.2702   0.1944   1.5835   0.2154   1.2424   1.2415   0.1370   0.0000  -0.1779  -0.4898    0.393
    26   4.7929   1.2426   0.1585   1.3222   0.2253   1.0594   1.0586   0.1229   0.0000  -0.1550  -0.4212    0.396
    27   4.9062   1.2201   0.1229   1.0481   0.2358   0.8547   0.8541   0.1023   0.0000  -0.1276  -0.3425    0.399
    28   4.9923   1.2030   0.0875   0.7592   0.2465   0.6274   0.6269   0.0782   0.0000  -0.0955  -0.2534    0.402
    29   5.0502   1.1915   0.0524   0.4613   0.2564   0.3845   0.3842   0.0501   0.0000  -0.0595  -0.1563    0.405
    30   5.0794   1.1857   0.0174   0.1554   0.2625   0.1300   0.1299   0.0179   0.0000  -0.0203  -0.0531    0.406

  Surface # 2     main_wing (YDUP)                        
     # Chordwise = 10   # Spanwise = 30     First strip = 31
     Surface area =    8.662745       Ave. chord =    1.689678
     CLsurf  =   0.87177     Clsurf  =   0.18201
     CYsurf  =   0.12863     Cmsurf  =  -0.07782
     CDsurf  =   0.08173     Cnsurf  =   0.01027
     CDisurf =   0.08173     CDvsurf =   0.00000

  Forces referred to Ssurf, Cave about hinge axis thru LE
     CLsurf  =   1.74708     CDsurf  =   0.16206
     Deflect =

 Strip Forces referred to Strip Area, Chord
    j      Yle    Chord     Area     c cl      ai      cl_norm  cl       cd       cdv    cm_c/4    cm_LE  C.P.x/c
    31  -0.0034   2.1937   0.0299   7.7707   0.0884   3.5117   3.5093   0.4943   0.0000  -0.1405   1.0259    0.290
    32  -0.0304   2.1884   0.0891   3.9071   0.0904   1.7796   1.7784   0.1939   0.0000  -0.1111   0.5580    0.312
    33  -0.0840   2.1777   0.1468   3.6146   0.0960   1.6578   1.6567   0.1611   0.0000  -0.1104   0.5259    0.317
    34  -0.1638   2.1619   0.2017   3.5577   0.1061   1.6450   1.6438   0.1524   0.0000  -0.1140   0.5260    0.319
    35  -0.2688   2.1410   0.2531   3.5133   0.1203   1.6426   1.6415   0.1388   0.0000  -0.1243   0.5351    0.326
    36  -0.3979   2.1154   0.3000   3.6033   0.1383   1.7034   1.7023   0.1534   0.0000  -0.1337   0.5601    0.329
    37  -0.5496   2.0852   0.3417   3.6692   0.1600   1.7614   1.7602   0.1485   0.0000  -0.1530   0.5934    0.337
    38  -0.7223   2.0509   0.3776   3.6317   0.1854   1.7743   1.7731   0.1394   0.0000  -0.1767   0.6199    0.350
    39  -0.9142   2.0128   0.4073   3.6500   0.2146   1.8156   1.8143   0.1511   0.0000  -0.1967   0.6505    0.358
    40  -1.1285   1.9703   0.4526   3.6432   0.2256   1.8507   1.8494   0.1576   0.0000  -0.2206   0.6833    0.369
    41  -1.3637   1.9236   0.4694   3.6331   0.2151   1.8899   1.8886   0.1637   0.0000  -0.2319   0.7046    0.373
    42  -1.6118   1.8743   0.4793   3.5788   0.2048   1.9102   1.9089   0.1678   0.0000  -0.2392   0.7170    0.375
    43  -1.8700   1.8230   0.4823   3.4896   0.1946   1.9138   1.9125   0.1751   0.0000  -0.2444   0.7233    0.378
    44  -2.1357   1.7703   0.4789   3.4033   0.1857   1.9218   1.9205   0.1772   0.0000  -0.2475   0.7285    0.379
    45  -2.4057   1.7167   0.4695   3.3036   0.1808   1.9236   1.9223   0.1786   0.0000  -0.2497   0.7312    0.380
    46  -2.6723   1.6637   0.4384   3.1992   0.1790   1.9225   1.9212   0.1760   0.0000  -0.2504   0.7316    0.380
    47  -2.9325   1.6120   0.4201   3.0621   0.1787   1.8983   1.8970   0.1787   0.0000  -0.2492   0.7245    0.381
    48  -3.1884   1.5612   0.3979   2.9364   0.1795   1.8799   1.8786   0.1753   0.0000  -0.2477   0.7183    0.382
    49  -3.4372   1.5118   0.3724   2.7823   0.1812   1.8392   1.8380   0.1728   0.0000  -0.2439   0.7044    0.383
    50  -3.6775   1.4641   0.3480   2.6157   0.1839   1.7846   1.7834   0.1723   0.0000  -0.2386   0.6856    0.384
    51  -3.9066   1.4186   0.3174   2.4349   0.1878   1.7136   1.7124   0.1709   0.0000  -0.2316   0.6611    0.385
    52  -4.1206   1.3761   0.2853   2.2422   0.1929   1.6261   1.6250   0.1662   0.0000  -0.2223   0.6300    0.387
    53  -4.3172   1.3370   0.2522   2.0369   0.1992   1.5197   1.5186   0.1589   0.0000  -0.2108   0.5920    0.389
    54  -4.4942   1.3019   0.2186   1.8150   0.2067   1.3898   1.3889   0.1506   0.0000  -0.1959   0.5447    0.391
    55  -4.6536   1.2702   0.1944   1.5835   0.2154   1.2424   1.2415   0.1370   0.0000  -0.1779   0.4898    0.393
    56  -4.7929   1.2426   0.1585   1.3222   0.2253   1.0594   1.0586   0.1229   0.0000  -0.1550   0.4212    0.396
    57  -4.9062   1.2201   0.1229   1.0481   0.2358   0.8547   0.8541   0.1023   0.0000  -0.1276   0.3425    0.399
    58  -4.9923   1.2030   0.0875   0.7592   0.2465   0.6274   0.6269   0.0782   0.0000  -0.0955   0.2534    0.402
    59  -5.0502   1.1915   0.0524   0.4613   0.2564   0.3845   0.3842   0.0501   0.0000  -0.0595   0.1563    0.405
    60  -5.0794   1.1857   0.0174   0.1554   0.2625   0.1300   0.1299   0.0179   0.0000  -0.0203   0.0531    0.406

  Surface # 3     horizontal_stabilizer                   
     # Chordwise = 10   # Spanwise = 30     First strip = 61
     Surface area =    2.000000       Ave. chord =    1.000000
     CLsurf  =   0.01616     Clsurf  =  -0.00121
     CYsurf  =  -0.00041     Cmsurf  =  -0.04350
     CDsurf  =   0.00257     Cnsurf  =   0.00019
     CDisurf =   0.00257     CDvsurf =   0.00000

  Forces referred to Ssurf, Cave about hinge axis thru LE
     CLsurf  =   0.13882     CDsurf  =   0.02205
     Deflect =

 Strip Forces referred to Strip Area, Chord
    j      Yle    Chord     Area     c cl      ai      cl_norm  cl       cd       cdv    cm_c/4    cm_LE  C.P.x/c
    61   0.0014   1.1973   0.0069   0.2254   0.1772   0.1821   0.1815   0.0547   0.0000   0.0058  -0.0411    0.218
    62   0.0129   1.1951   0.0205   0.2254   0.1772   0.1866   0.1860   0.0310   0.0000   0.0058  -0.0411    0.219
    63   0.0357   1.1906   0.0338   0.2252   0.1770   0.1875   0.1869   0.0294   0.0000   0.0059  -0.0412    0.218
    64   0.0696   1.1839   0.0465   0.2248   0.1769   0.1883   0.1877   0.0291   0.0000   0.0061  -0.0412    0.218
    65   0.1141   1.1751   0.0585   0.2239   0.1767   0.1890   0.1884   0.0289   0.0000   0.0062  -0.0412    0.217
    66   0.1689   1.1642   0.0695   0.2223   0.1765   0.1893   0.1888   0.0289   0.0000   0.0063  -0.0412    0.216
    67   0.2315   1.1519   0.0750   0.2196   0.1763   0.1891   0.1885   0.0288   0.0000   0.0064  -0.0410    0.216
    68   0.3008   1.1382   0.0833   0.2159   0.1761   0.1881   0.1875   0.0286   0.0000   0.0064  -0.0408    0.216
    69   0.3777   1.1230   0.0903   0.2107   0.1758   0.1861   0.1856   0.0284   0.0000   0.0062  -0.0405    0.216
    70   0.4614   1.1064   0.0960   0.2042   0.1756   0.1830   0.1824   0.0280   0.0000   0.0060  -0.0400    0.217
    71   0.5511   1.0887   0.1004   0.1961   0.1755   0.1785   0.1780   0.0277   0.0000   0.0056  -0.0393    0.219
    72   0.6456   1.0700   0.1034   0.1867   0.1754   0.1729   0.1724   0.0270   0.0000   0.0051  -0.0383    0.221
    73   0.7441   1.0506   0.1050   0.1760   0.1754   0.1661   0.1656   0.0257   0.0000   0.0045  -0.0372    0.223
    74   0.8453   1.0306   0.1054   0.1645   0.1754   0.1582   0.1577   0.0248   0.0000   0.0038  -0.0359    0.226
    75   0.9482   1.0102   0.1044   0.1524   0.1754   0.1494   0.1490   0.0238   0.0000   0.0032  -0.0343    0.229
    76   1.0518   0.9898   0.1023   0.1400   0.1755   0.1401   0.1397   0.0225   0.0000   0.0026  -0.0326    0.231
    77   1.1547   0.9694   0.0991   0.1277   0.1755   0.1304   0.1300   0.0212   0.0000   0.0020  -0.0307    0.234
    78   1.2559   0.9494   0.0949   0.1156   0.1754   0.1206   0.1202   0.0197   0.0000   0.0016  -0.0287    0.237
    79   1.3544   0.9300   0.0899   0.1040   0.1753   0.1107   0.1103   0.0182   0.0000   0.0012  -0.0266    0.239
    80   1.4489   0.9113   0.0840   0.0929   0.1752   0.1009   0.1006   0.0165   0.0000   0.0009  -0.0244    0.241
    81   1.5386   0.8936   0.0776   0.0824   0.1750   0.0912   0.0909   0.0151   0.0000   0.0008  -0.0222    0.242
    82   1.6223   0.8770   0.0705   0.0724   0.1750   0.0816   0.0814   0.0137   0.0000   0.0006  -0.0199    0.242
    83   1.6992   0.8618   0.0631   0.0629   0.1749   0.0722   0.0720   0.0121   0.0000   0.0006  -0.0176    0.242
    84   1.7685   0.8481   0.0552   0.0539   0.1749   0.0629   0.0627   0.0106   0.0000   0.0006  -0.0153    0.241
    85   1.8311   0.8358   0.0499   0.0452   0.1749   0.0535   0.0533   0.0090   0.0000   0.0005  -0.0129    0.240
    86   1.8859   0.8249   0.0411   0.0366   0.1750   0.0438   0.0437   0.0075   0.0000   0.0005  -0.0105    0.238
    87   1.9304   0.8161   0.0321   0.0282   0.1751   0.0342   0.0341   0.0058   0.0000   0.0005  -0.0081    0.237
    88   1.9643   0.8094   0.0230   0.0200   0.1752   0.0245   0.0244   0.0042   0.0000   0.0004  -0.0058    0.235
    89   1.9871   0.8049   0.0138   0.0120   0.1753   0.0147   0.0147   0.0025   0.0000   0.0002  -0.0035    0.234
    90   1.9986   0.8027   0.0046   0.0040   0.1753   0.0049   0.0049   0.0008   0.0000   0.0001  -0.0012    0.233

  Surface # 4     horizontal_stabilizer (YDUP)            
     # Chordwise = 10   # Spanwise = 30     First strip = 91
     Surface area =    2.000000       Ave. chord =    1.000000
     CLsurf  =   0.01616     Clsurf  =   0.00121
     CYsurf  =   0.00041     Cmsurf  =  -0.04350
     CDsurf  =   0.00257     Cnsurf  =  -0.00019
     CDisurf =   0.00257     CDvsurf =   0.00000

  Forces referred to Ssurf, Cave about hinge axis thru LE
     CLsurf  =   0.13882     CDsurf  =   0.02205
     Deflect =

 Strip Forces referred to Strip Area, Chord
    j      Yle    Chord     Area     c cl      ai      cl_norm  cl       cd       cdv    cm_c/4    cm_LE  C.P.x/c
    91  -0.0014   1.1973   0.0069   0.2254   0.1772   0.1821   0.1815   0.0547   0.0000   0.0058   0.0411    0.218
    92  -0.0129   1.1951   0.0205   0.2254   0.1772   0.1866   0.1860   0.0310   0.0000   0.0058   0.0411    0.219
    93  -0.0357   1.1906   0.0338   0.2252   0.1770   0.1875   0.1869   0.0294   0.0000   0.0059   0.0412    0.218
    94  -0.0696   1.1839   0.0465   0.2248   0.1769   0.1883   0.1877   0.0291   0.0000   0.0061   0.0412    0.218
    95  -0.1141   1.1751   0.0585   0.2239   0.1767   0.1890   0.1884   0.0289   0.0000   0.0062   0.0412    0.217
    96  -0.1689   1.1642   0.0695   0.2223   0.1765   0.1893   0.1888   0.0289   0.0000   0.0063   0.0412    0.216
    97  -0.2315   1.1519   0.0750   0.2196   0.1763   0.1891   0.1885   0.0288   0.0000   0.0064   0.0410    0.216
    98  -0.3008   1.1382   0.0833   0.2159   0.1761   0.1881   0.1875   0.0286   0.0000   0.0064   0.0408    0.216
    99  -0.3777   1.1230   0.0903   0.2107   0.1758   0.1861   0.1856   0.0284   0.0000   0.0062   0.0405    0.216
   100  -0.4614   1.1064   0.0960   0.2042   0.1756   0.1830   0.1824   0.0280   0.0000   0.0060   0.0400    0.217
   101  -0.5511   1.0887   0.1004   0.1961   0.1755   0.1785   0.1780   0.0277   0.0000   0.0056   0.0393    0.219
   102  -0.6456   1.0700   0.1034   0.1867   0.1754   0.1729   0.1724   0.0270   0.0000   0.0051   0.0383    0.221
   103  -0.7441   1.0506   0.1050   0.1760   0.1754   0.1661   0.1656   0.0257   0.0000   0.0045   0.0372    0.223
   104  -0.8453   1.0306   0.1054   0.1645   0.1754   0.1582   0.1577   0.0248   0.0000   0.0038   0.0359    0.226
   105  -0.9482   1.0102   0.1044   0.1524   0.1754   0.1494   0.1490   0.0238   0.0000   0.0032   0.0343    0.229
   106  -1.0518   0.9898   0.1023   0.1400   0.1755   0.1401   0.1397   0.0225   0.0000   0.0026   0.0326    0.231
   107  -1.1547   0.9694   0.0991   0.1277   0.1755   0.1304   0.1300   0.0212   0.0000   0.0020   0.0307    0.234
   108  -1.2559   0.9494   0.0949   0.1156   0.1754   0.1206   0.1202   0.0197   0.0000   0.0016   0.0287    0.237
   109  -1.3544   0.9300   0.0899   0.1040   0.1753   0.1107   0.1103   0.0182   0.0000   0.0012   0.0266    0.239
   110  -1.4489   0.9113   0.0840   0.0929   0.1752   0.1009   0.1006   0.0165   0.0000   0.0009   0.0244    0.241
   111  -1.5386   0.8936   0.0776   0.0824   0.1750   0.0912   0.0909   0.0151   0.0000   0.0008   0.0222    0.242
   112  -1.6223   0.8770   0.0705   0.0724   0.1750   0.0816   0.0814   0.0137   0.0000   0.0006   0.0199    0.242
   113  -1.6992   0.8618   0.0631   0.0629   0.1749   0.0722   0.0720   0.0121   0.0000   0.0006   0.0176    0.242
   114  -1.7685   0.8481   0.0552   0.0539   0.1749   0.0629   0.0627   0.0106   0.0000   0.0006   0.0153    0.241
   115  -1.8311   0.8358   0.0499   0.0452   0.1749   0.0535   0.0533   0.0090   0.0000   0.0005   0.0129    0.240
   116  -1.8859   0.8249   0.0411   0.0366   0.1750   0.0438   0.0437   0.0075   0.0000   0.0005   0.0105    0.238
   117  -1.9304   0.8161   0.0321   0.0282   0.1751   0.0342   0.0341   0.0058   0.0000   0.0005   0.0081    0.237
   118  -1.9643   0.8094   0.0230   0.0200   0.1752   0.0245   0.0244   0.0042   0.0000   0.0004   0.0058    0.235
   119  -1.9871   0.8049   0.0138   0.0120   0.1753   0.0147   0.0147   0.0025   0.0000   0.0002   0.0035    0.234
   120  -1.9986   0.8027   0.0046   0.0040   0.1753   0.0049   0.0049   0.0008   0.0000   0.0001   0.0012    0.233

  Surface # 5     vertical_stabilizer                     
     # Chordwise = 10   # Spanwise = 30     First strip =121
     Surface area =    1.162981       Ave. chord =    0.785002
     CLsurf  =   0.00000     Clsurf  =   0.00000
     CYsurf  =   0.00000     Cmsurf  =  -0.00000
     CDsurf  =  -0.00000     Cnsurf  =  -0.00000
     CDisurf =  -0.00000     CDvsurf =   0.00000

  Forces referred to Ssurf, Cave about hinge axis thru LE
     CLsurf  =  -0.00000     CDsurf  =  -0.00000
     Deflect =

 Strip Forces referred to Strip Area, Chord
    j      Yle    Chord     Area     c cl      ai      cl_norm  cl       cd       cdv    cm_c/4    cm_LE  C.P.x/c
   121   0.0000   1.0573   0.0140  -0.0000   0.0000  -0.0000  -0.0000   0.0000   0.0000  -0.0000   0.0000    0.177
   122   0.0000   1.0509   0.0227  -0.0000   0.0000  -0.0000  -0.0000   0.0000   0.0000  -0.0000   0.0000    0.176
   123   0.0000   1.0413   0.0311  -0.0000   0.0000  -0.0000  -0.0000  -0.0000   0.0000  -0.0000   0.0000    0.172
   124   0.0000   1.0287   0.0389  -0.0000   0.0000  -0.0000  -0.0000  -0.0000   0.0000  -0.0000   0.0000    0.178
   125   0.0000   1.0133   0.0461  -0.0000   0.0000  -0.0000  -0.0000  -0.0000   0.0000  -0.0000   0.0000    0.177
   126   0.0000   0.9966   0.0440  -0.0000   0.0000  -0.0000  -0.0000  -0.0000   0.0000  -0.0000   0.0000    0.181
   127   0.0000   0.9792   0.0488  -0.0000   0.0000  -0.0000  -0.0000   0.0000   0.0000  -0.0000   0.0000    0.179
   128   0.0000   0.9597   0.0527  -0.0000   0.0000  -0.0000  -0.0000  -0.0000   0.0000  -0.0000   0.0000    0.180
   129   0.0000   0.9385   0.0559  -0.0000   0.0000  -0.0000  -0.0000  -0.0000   0.0000  -0.0000   0.0000    0.180
   130   0.0000   0.9157   0.0582  -0.0000   0.0000  -0.0000  -0.0000  -0.0000   0.0000  -0.0000   0.0000    0.182
   131   0.0000   0.8915   0.0596  -0.0000   0.0000  -0.0000  -0.0000  -0.0000   0.0000  -0.0000   0.0000    0.185
   132   0.0000   0.8662   0.0602  -0.0000   0.0000  -0.0000  -0.0000  -0.0000   0.0000  -0.0000   0.0000    0.189
   133   0.0000   0.8401   0.0601  -0.0000   0.0000  -0.0000  -0.0000  -0.0000   0.0000  -0.0000   0.0000    0.192
   134   0.0000   0.8133   0.0592  -0.0000   0.0000  -0.0000  -0.0000  -0.0000   0.0000  -0.0000   0.0000    0.187
   135   0.0000   0.7863   0.0576  -0.0000   0.0000  -0.0000  -0.0000  -0.0000   0.0000  -0.0000   0.0000    0.182
   136   0.0000   0.7592   0.0554  -0.0000   0.0000  -0.0000  -0.0000  -0.0000   0.0000  -0.0000   0.0000    0.188
   137   0.0000   0.7323   0.0527  -0.0000   0.0000  -0.0000  -0.0000  -0.0000   0.0000  -0.0000   0.0000    0.183
   138   0.0000   0.7060   0.0495  -0.0000   0.0000  -0.0000  -0.0000  -0.0000   0.0000  -0.0000   0.0000    0.181
   139   0.0000   0.6804   0.0460  -0.0000   0.0000  -0.0000  -0.0000  -0.0000   0.0000  -0.0000   0.0000    0.181
   140   0.0000   0.6560   0.0422  -0.0000   0.0000  -0.0000  -0.0000  -0.0000   0.0000  -0.0000   0.0000    0.174
   141   0.0000   0.6328   0.0383  -0.0000   0.0000  -0.0000  -0.0000  -0.0000   0.0000  -0.0000   0.0000    0.176
   142   0.0000   0.6112   0.0342  -0.0000   0.0000  -0.0000  -0.0000  -0.0000   0.0000  -0.0000   0.0000    0.171
   143   0.0000   0.5914   0.0301  -0.0000  -0.0000  -0.0000  -0.0000  -0.0000   0.0000  -0.0000   0.0000    0.168
   144   0.0000   0.5736   0.0259  -0.0000   0.0000  -0.0000  -0.0000  -0.0000   0.0000  -0.0000   0.0000    0.155
   145   0.0000   0.5570   0.0246  -0.0000   0.0000  -0.0000  -0.0000  -0.0000   0.0000  -0.0000   0.0000    0.149
   146   0.0000   0.5419   0.0200  -0.0000   0.0000  -0.0000  -0.0000  -0.0000   0.0000  -0.0000   0.0000    0.141
   147   0.0000   0.5297   0.0154  -0.0000  -0.0000  -0.0000  -0.0000  -0.0000   0.0000  -0.0000   0.0000    0.133
   148   0.0000   0.5204   0.0109  -0.0000   0.0000  -0.0000  -0.0000  -0.0000   0.0000  -0.0000   0.0000    0.128
   149   0.0000   0.5141   0.0065  -0.0000   0.0000  -0.0000  -0.0000  -0.0000   0.0000  -0.0000   0.0000    0.125
   150   0.0000   0.5110   0.0022  -0.0000  -0.0000  -0.0000  -0.0000  -0.0000   0.0000  -0.0000   0.0000    0.124
 ---------------------------------------------------------------
