 ---------------------------------------------------------------
 Surface and Strip Forces by surface

  Forces referred to Sref, Cref, Bref about Xref, Yref, Zref
 Standard axis orientation,  X fwd, Z down         

  Surface # 1     main_wing                               
     # Chordwise = 10   # Spanwise = 30     First strip =  1
     Surface area =    8.662745       Ave. chord =    1.689678
     CLsurf  =   0.59357     Clsurf  =  -0.12579
     CYsurf  =  -0.08689     Cmsurf  =  -0.04230
     CDsurf  =   0.03791     Cnsurf  =  -0.01095
     CDisurf =   0.03791     CDvsurf =   0.00000

  Forces referred to Ssurf, Cave about hinge axis thru LE
     CLsurf  =   1.18938     CDsurf  =   0.07517
     Deflect =

 Strip Forces referred to Strip Area, Chord
    j      Yle    Chord     Area     c cl      ai      cl_norm  cl       cd       cdv    cm_c/4    cm_LE  C.P.x/c
     1   0.0034   2.1937   0.0299   3.3085   0.0504   1.5025   1.5015   0.1683   0.0000  -0.0398  -0.4172    0.277
     2   0.0304   2.1884   0.0891   2.3869   0.0520   1.0950   1.0943   0.0738   0.0000  -0.0480  -0.3211    0.294
     3   0.0840   2.1777   0.1468   2.3250   0.0577   1.0736   1.0729   0.0623   0.0000  -0.0500  -0.3173    0.297
     4   0.1638   2.1619   0.2017   2.3176   0.0675   1.0786   1.0779   0.0590   0.0000  -0.0543  -0.3228    0.300
     5   0.2688   2.1410   0.2531   2.3191   0.0810   1.0911   1.0904   0.0523   0.0000  -0.0614  -0.3326    0.306
     6   0.3979   2.1154   0.3000   2.3581   0.0977   1.1218   1.1211   0.0601   0.0000  -0.0709  -0.3500    0.313
     7   0.5496   2.0852   0.3417   2.4024   0.1175   1.1594   1.1586   0.0623   0.0000  -0.0837  -0.3721    0.322
     8   0.7223   2.0509   0.3776   2.4046   0.1403   1.1800   1.1792   0.0624   0.0000  -0.1021  -0.3956    0.337
     9   0.9142   2.0128   0.4073   2.4425   0.1667   1.2209   1.2201   0.0670   0.0000  -0.1194  -0.4231    0.348
    10   1.1285   1.9703   0.4526   2.4489   0.1751   1.2503   1.2495   0.0698   0.0000  -0.1334  -0.4444    0.357
    11   1.3637   1.9236   0.4694   2.4406   0.1627   1.2754   1.2745   0.0771   0.0000  -0.1412  -0.4587    0.361
    12   1.6118   1.8743   0.4793   2.4104   0.1496   1.2927   1.2918   0.0780   0.0000  -0.1453  -0.4671    0.362
    13   1.8700   1.8230   0.4823   2.3592   0.1343   1.3005   1.2996   0.0803   0.0000  -0.1477  -0.4716    0.364
    14   2.1357   1.7703   0.4789   2.3028   0.1191   1.3072   1.3063   0.0809   0.0000  -0.1488  -0.4744    0.364
    15   2.4057   1.7167   0.4695   2.2411   0.1116   1.3120   1.3111   0.0807   0.0000  -0.1497  -0.4764    0.364
    16   2.6723   1.6637   0.4384   2.1725   0.1106   1.3125   1.3116   0.0795   0.0000  -0.1496  -0.4764    0.364
    17   2.9325   1.6120   0.4201   2.0882   0.1122   1.3015   1.3006   0.0820   0.0000  -0.1492  -0.4734    0.365
    18   3.1884   1.5612   0.3979   2.0088   0.1151   1.2930   1.2921   0.0804   0.0000  -0.1483  -0.4703    0.365
    19   3.4372   1.5118   0.3724   1.9157   0.1191   1.2732   1.2723   0.0801   0.0000  -0.1469  -0.4640    0.365
    20   3.6775   1.4641   0.3480   1.8129   0.1243   1.2433   1.2424   0.0832   0.0000  -0.1449  -0.4548    0.367
    21   3.9066   1.4186   0.3174   1.7013   0.1311   1.2034   1.2026   0.0850   0.0000  -0.1418  -0.4419    0.368
    22   4.1206   1.3761   0.2853   1.5799   0.1396   1.1512   1.1504   0.0863   0.0000  -0.1379  -0.4252    0.370
    23   4.3172   1.3370   0.2522   1.4537   0.1498   1.0896   1.0888   0.0848   0.0000  -0.1325  -0.4046    0.372
    24   4.4942   1.3019   0.2186   1.3094   0.1620   1.0067   1.0061   0.0851   0.0000  -0.1254  -0.3771    0.375
    25   4.6536   1.2702   0.1944   1.1545   0.1761   0.9089   0.9083   0.0818   0.0000  -0.1159  -0.3433    0.378
    26   4.7929   1.2426   0.1585   0.9764   0.1922   0.7848   0.7843   0.0765   0.0000  -0.1031  -0.2997    0.381
    27   4.9062   1.2201   0.1229   0.7839   0.2092   0.6410   0.6405   0.0667   0.0000  -0.0868  -0.2475    0.385
    28   4.9923   1.2030   0.0875   0.5746   0.2264   0.4760   0.4756   0.0528   0.0000  -0.0664  -0.1859    0.390
    29   5.0502   1.1915   0.0524   0.3519   0.2425   0.2940   0.2937   0.0344   0.0000  -0.0421  -0.1160    0.393
    30   5.0794   1.1857   0.0174   0.1189   0.2535   0.0998   0.0997   0.0121   0.0000  -0.0145  -0.0396    0.396

  Surface # 2     main_wing (YDUP)                        
     # Chordwise = 10   # Spanwise = 30     First strip = 31
     Surface area =    8.662745       Ave. chord =    1.689678
     CLsurf  =   0.59357     Clsurf  =   0.12579
     CYsurf  =   0.08689     Cmsurf  =  -0.04230
     CDsurf  =   0.03791     Cnsurf  =   0.01095
     CDisurf =   0.03791     CDvsurf =   0.00000

  Forces referred to Ssurf, Cave about hinge axis thru LE
     CLsurf  =   1.18937     CDsurf  =   0.07517
     Deflect =

 Strip Forces referred to Strip Area, Chord
    j      Yle    Chord     Area     c cl      ai      cl_norm  cl       cd       cdv    cm_c/4    cm_LE  C.P.x/c
    31  -0.0034   2.1937   0.0299   3.3085   0.0504   1.5025   1.5015   0.1683   0.0000  -0.0398   0.4172    0.277
    32  -0.0304   2.1884   0.0891   2.3869   0.0520   1.0950   1.0943   0.0738   0.0000  -0.0480   0.3211    0.294
    33  -0.0840   2.1777   0.1468   2.3250   0.0577   1.0736   1.0729   0.0623   0.0000  -0.0500   0.3173    0.297
    34  -0.1638   2.1619   0.2017   2.3176   0.0675   1.0786   1.0779   0.0590   0.0000  -0.0543   0.3228    0.300
    35  -0.2688   2.1410   0.2531   2.3191   0.0810   1.0911   1.0904   0.0523   0.0000  -0.0614   0.3326    0.306
    36  -0.3979   2.1154   0.3000   2.3581   0.0977   1.1218   1.1211   0.0601   0.0000  -0.0709   0.3500    0.313
    37  -0.5496   2.0852   0.3417   2.4024   0.1175   1.1594   1.1586   0.0623   0.0000  -0.0837   0.3721    0.322
    38  -0.7223   2.0509   0.3776   2.4046   0.1403   1.1800   1.1792   0.0624   0.0000  -0.1021   0.3956    0.337
    39  -0.9142   2.0128   0.4073   2.4425   0.1667   1.2209   1.2201   0.0670   0.0000  -0.1194   0.4231    0.348
    40  -1.1285   1.9703   0.4526   2.4489   0.1751   1.2503   1.2495   0.0698   0.0000  -0.1334   0.4444    0.357
    41  -1.3637   1.9236   0.4694   2.4406   0.1627   1.2754   1.2745   0.0771   0.0000  -0.1412   0.4587    0.361
    42  -1.6118   1.8743   0.4793   2.4104   0.1496   1.2927   1.2918   0.0780   0.0000  -0.1453   0.4671    0.362
    43  -1.8700   1.8230   0.4823   2.3592   0.1343   1.3005   1.2996   0.0803   0.0000  -0.1477   0.4716    0.364
    44  -2.1357   1.7703   0.4789   2.3028   0.1191   1.3072   1.3063   0.0809   0.0000  -0.1488   0.4744    0.364
    45  -2.4057   1.7167   0.4695   2.2411   0.1116   1.3120   1.3111   0.0807   0.0000  -0.1497   0.4764    0.364
    46  -2.6723   1.6637   0.4384   2.1725   0.1106   1.3125   1.3116   0.0795   0.0000  -0.1496   0.4764    0.364
    47  -2.9325   1.6120   0.4201   2.0882   0.1122   1.3015   1.3006   0.0820   0.0000  -0.1492   0.4734    0.365
    48  -3.1884   1.5612   0.3979   2.0088   0.1151   1.2929   1.2921   0.0804   0.0000  -0.1483   0.4703    0.365
    49  -3.4372   1.5118   0.3724   1.9157   0.1191   1.2732   1.2723   0.0801   0.0000  -0.1469   0.4640    0.365
    50  -3.6775   1.4641   0.3480   1.8129   0.1243   1.2433   1.2424   0.0832   0.0000  -0.1449   0.4548    0.367
    51  -3.9066   1.4186   0.3174   1.7013   0.1311   1.2034   1.2026   0.0850   0.0000  -0.1418   0.4419    0.368
    52  -4.1206   1.3761   0.2853   1.5799   0.1396   1.1512   1.1504   0.0863   0.0000  -0.1379   0.4252    0.370
    53  -4.3172   1.3370   0.2522   1.4537   0.1498   1.0896   1.0888   0.0848   0.0000  -0.1325   0.4046    0.372
    54  -4.4942   1.3019   0.2186   1.3094   0.1620   1.0067   1.0060   0.0851   0.0000  -0.1254   0.3771    0.375
    55  -4.6536   1.2702   0.1944   1.1545   0.1761   0.9089   0.9083   0.0818   0.0000  -0.1159   0.3433    0.378
    56  -4.7929   1.2426   0.1585   0.9764   0.1922   0.7848   0.7843   0.0765   0.0000  -0.1031   0.2997    0.381
    57  -4.9062   1.2201   0.1229   0.7839   0.2092   0.6410   0.6405   0.0667   0.0000  -0.0868   0.2475    0.385
    58  -4.9923   1.2030   0.0875   0.5746   0.2264   0.4760   0.4756   0.0528   0.0000  -0.0664   0.1859    0.390
    59  -5.0502   1.1915   0.0524   0.3519   0.2425   0.2940   0.2937   0.0344   0.0000  -0.0421   0.1160    0.393
    60  -5.0794   1.1857   0.0174   0.1189   0.2535   0.0998   0.0997   0.0121   0.0000  -0.0145   0.0396    0.396

  Surface # 3     horizontal_stabilizer                   
     # Chordwise = 10   # Spanwise = 30     First strip = 61
     Surface area =    2.000000       Ave. chord =    1.000000
     CLsurf  =   0.02932     Clsurf  =  -0.00238
     CYsurf  =  -0.00064     Cmsurf  =  -0.07900
     CDsurf  =   0.00376     Cnsurf  =   0.00022
     CDisurf =   0.00376     CDvsurf =   0.00000

  Forces referred to Ssurf, Cave about hinge axis thru LE
     CLsurf  =   0.25178     CDsurf  =   0.03232
     Deflect =

 Strip Forces referred to Strip Area, Chord
    j      Yle    Chord     Area     c cl      ai      cl_norm  cl       cd       cdv    cm_c/4    cm_LE  C.P.x/c
    61   0.0014   1.1973   0.0069   0.3540   0.1411   0.2895   0.2886   0.0660   0.0000   0.0014  -0.0721    0.245
    62   0.0129   1.1951   0.0205   0.3540   0.1408   0.2947   0.2939   0.0395   0.0000   0.0014  -0.0722    0.245
    63   0.0357   1.1906   0.0338   0.3539   0.1405   0.2960   0.2952   0.0377   0.0000   0.0016  -0.0723    0.245
    64   0.0696   1.1839   0.0465   0.3534   0.1401   0.2974   0.2965   0.0372   0.0000   0.0018  -0.0724    0.244
    65   0.1141   1.1751   0.0585   0.3524   0.1398   0.2989   0.2980   0.0371   0.0000   0.0020  -0.0726    0.243
    66   0.1689   1.1642   0.0695   0.3506   0.1394   0.3002   0.2993   0.0368   0.0000   0.0022  -0.0727    0.243
    67   0.2315   1.1519   0.0750   0.3479   0.1391   0.3011   0.3002   0.0369   0.0000   0.0024  -0.0727    0.242
    68   0.3008   1.1382   0.0833   0.3440   0.1389   0.3013   0.3004   0.0371   0.0000   0.0025  -0.0727    0.242
    69   0.3777   1.1230   0.0903   0.3388   0.1387   0.3008   0.2998   0.0367   0.0000   0.0025  -0.0725    0.242
    70   0.4614   1.1064   0.0960   0.3321   0.1386   0.2992   0.2982   0.0369   0.0000   0.0025  -0.0722    0.242
    71   0.5511   1.0887   0.1004   0.3238   0.1387   0.2964   0.2955   0.0372   0.0000   0.0024  -0.0716    0.242
    72   0.6456   1.0700   0.1034   0.3141   0.1389   0.2926   0.2917   0.0363   0.0000   0.0022  -0.0708    0.242
    73   0.7441   1.0506   0.1050   0.3031   0.1393   0.2877   0.2868   0.0348   0.0000   0.0021  -0.0697    0.243
    74   0.8453   1.0306   0.1054   0.2909   0.1399   0.2814   0.2806   0.0342   0.0000   0.0019  -0.0682    0.243
    75   0.9482   1.0102   0.1044   0.2778   0.1405   0.2738   0.2730   0.0352   0.0000   0.0019  -0.0665    0.243
    76   1.0518   0.9898   0.1023   0.2639   0.1412   0.2655   0.2647   0.0346   0.0000   0.0018  -0.0645    0.243
    77   1.1547   0.9694   0.0991   0.2495   0.1420   0.2563   0.2555   0.0335   0.0000   0.0019  -0.0621    0.242
    78   1.2559   0.9494   0.0949   0.2347   0.1429   0.2461   0.2453   0.0325   0.0000   0.0021  -0.0594    0.241
    79   1.3544   0.9300   0.0899   0.2195   0.1438   0.2349   0.2342   0.0312   0.0000   0.0024  -0.0563    0.240
    80   1.4489   0.9113   0.0840   0.2040   0.1448   0.2227   0.2221   0.0297   0.0000   0.0028  -0.0529    0.238
    81   1.5386   0.8936   0.0776   0.1880   0.1459   0.2092   0.2086   0.0284   0.0000   0.0032  -0.0491    0.234
    82   1.6223   0.8770   0.0705   0.1715   0.1471   0.1945   0.1939   0.0265   0.0000   0.0037  -0.0449    0.231
    83   1.6992   0.8618   0.0631   0.1544   0.1483   0.1782   0.1776   0.0244   0.0000   0.0042  -0.0403    0.226
    84   1.7685   0.8481   0.0552   0.1367   0.1496   0.1602   0.1597   0.0223   0.0000   0.0046  -0.0354    0.221
    85   1.8311   0.8358   0.0499   0.1179   0.1508   0.1402   0.1398   0.0195   0.0000   0.0049  -0.0302    0.215
    86   1.8859   0.8249   0.0411   0.0979   0.1521   0.1179   0.1175   0.0170   0.0000   0.0049  -0.0247    0.208
    87   1.9304   0.8161   0.0321   0.0771   0.1532   0.0939   0.0936   0.0135   0.0000   0.0045  -0.0190    0.202
    88   1.9643   0.8094   0.0230   0.0557   0.1542   0.0683   0.0681   0.0099   0.0000   0.0037  -0.0134    0.196
    89   1.9871   0.8049   0.0138   0.0336   0.1550   0.0415   0.0414   0.0061   0.0000   0.0024  -0.0080    0.191
    90   1.9986   0.8027   0.0046   0.0113   0.1555   0.0139   0.0139   0.0020   0.0000   0.0009  -0.0026    0.189

  Surface # 4     horizontal_stabilizer (YDUP)            
     # Chordwise = 10   # Spanwise = 30     First strip = 91
     Surface area =    2.000000       Ave. chord =    1.000000
     CLsurf  =   0.02932     Clsurf  =   0.00238
     CYsurf  =   0.00064     Cmsurf  =  -0.07900
     CDsurf  =   0.00376     Cnsurf  =  -0.00022
     CDisurf =   0.00376     CDvsurf =   0.00000

  Forces referred to Ssurf, Cave about hinge axis thru LE
     CLsurf  =   0.25178     CDsurf  =   0.03232
     Deflect =

 Strip Forces referred to Strip Area, Chord
    j      Yle    Chord     Area     c cl      ai      cl_norm  cl       cd       cdv    cm_c/4    cm_LE  C.P.x/c
    91  -0.0014   1.1973   0.0069   0.3540   0.1411   0.2895   0.2886   0.0660   0.0000   0.0014   0.0721    0.245
    92  -0.0129   1.1951   0.0205   0.3540   0.1408   0.2947   0.2939   0.0395   0.0000   0.0014   0.0722    0.245
    93  -0.0357   1.1906   0.0338   0.3539   0.1405   0.2960   0.2952   0.0377   0.0000   0.0016   0.0723    0.245
    94  -0.0696   1.1839   0.0465   0.3534   0.1401   0.2974   0.2965   0.0372   0.0000   0.0018   0.0724    0.244
    95  -0.1141   1.1751   0.0585   0.3524   0.1398   0.2989   0.2980   0.0371   0.0000   0.0020   0.0726    0.243
    96  -0.1689   1.1642   0.0695   0.3506   0.1394   0.3002   0.2993   0.0368   0.0000   0.0022   0.0727    0.243
    97  -0.2315   1.1519   0.0750   0.3479   0.1391   0.3011   0.3002   0.0369   0.0000   0.0024   0.0727    0.242
    98  -0.3008   1.1382   0.0833   0.3440   0.1389   0.3013   0.3004   0.0371   0.0000   0.0025   0.0727    0.242
    99  -0.3777   1.1230   0.0903   0.3388   0.1387   0.3008   0.2998   0.0367   0.0000   0.0025   0.0725    0.242
   100  -0.4614   1.1064   0.0960   0.3321   0.1386   0.2992   0.2982   0.0369   0.0000   0.0025   0.0722    0.242
   101  -0.5511   1.0887   0.1004   0.3238   0.1387   0.2964   0.2955   0.0372   0.0000   0.0024   0.0716    0.242
   102  -0.6456   1.0700   0.1034   0.3141   0.1389   0.2926   0.2917   0.0363   0.0000   0.0022   0.0708    0.242
   103  -0.7441   1.0506   0.1050   0.3031   0.1393   0.2877   0.2868   0.0348   0.0000   0.0021   0.0697    0.243
   104  -0.8453   1.0306   0.1054   0.2909   0.1399   0.2814   0.2806   0.0342   0.0000   0.0019   0.0682    0.243
   105  -0.9482   1.0102   0.1044   0.2778   0.1405   0.2738   0.2730   0.0352   0.0000   0.0019   0.0665    0.243
   106  -1.0518   0.9898   0.1023   0.2639   0.1412   0.2655   0.2647   0.0346   0.0000   0.0018   0.0645    0.243
   107  -1.1547   0.9694   0.0991   0.2495   0.1420   0.2563   0.2555   0.0335   0.0000   0.0019   0.0621    0.242
   108  -1.2559   0.9494   0.0949   0.2347   0.1429   0.2461   0.2453   0.0325   0.0000   0.0021   0.0594    0.241
   109  -1.3544   0.9300   0.0899   0.2195   0.1438   0.2349   0.2342   0.0312   0.0000   0.0024   0.0563    0.240
   110  -1.4489   0.9113   0.0840   0.2040   0.1448   0.2227   0.2221   0.0297   0.0000   0.0028   0.0529    0.238
   111  -1.5386   0.8936   0.0776   0.1880   0.1459   0.2092   0.2086   0.0284   0.0000   0.0032   0.0491    0.234
   112  -1.6223   0.8770   0.0705   0.1715   0.1471   0.1945   0.1939   0.0265   0.0000   0.0037   0.0449    0.231
   113  -1.6992   0.8618   0.0631   0.1544   0.1483   0.1782   0.1776   0.0244   0.0000   0.0042   0.0403    0.226
   114  -1.7685   0.8481   0.0552   0.1367   0.1496   0.1602   0.1597   0.0223   0.0000   0.0046   0.0354    0.221
   115  -1.8311   0.8358   0.0499   0.1179   0.1508   0.1402   0.1398   0.0195   0.0000   0.0049   0.0302    0.215
   116  -1.8859   0.8249   0.0411   0.0979   0.1521   0.1179   0.1175   0.0170   0.0000   0.0049   0.0247    0.208
   117  -1.9304   0.8161   0.0321   0.0771   0.1532   0.0939   0.0936   0.0135   0.0000   0.0045   0.0190    0.202
   118  -1.9643   0.8094   0.0230   0.0557   0.1542   0.0683   0.0681   0.0099   0.0000   0.0037   0.0134    0.196
   119  -1.9871   0.8049   0.0138   0.0336   0.1550   0.0415   0.0414   0.0061   0.0000   0.0024   0.0080    0.191
   120  -1.9986   0.8027   0.0046   0.0113   0.1555   0.0139   0.0139   0.0020   0.0000   0.0009   0.0026    0.189

  Surface # 5     vertical_stabilizer                     
     # Chordwise = 10   # Spanwise = 30     First strip =121
     Surface area =    1.162981       Ave. chord =    0.785002
     CLsurf  =   0.00000     Clsurf  =   0.00000
     CYsurf  =   0.00000     Cmsurf  =  -0.00000
     CDsurf  =  -0.00000     Cnsurf  =  -0.00000
     CDisurf =  -0.00000     CDvsurf =   0.00000

  Forces referred to Ssurf, Cave about hinge axis thru LE
     CLsurf  =  -0.00000     CDsurf  =  -0.00000
     Deflect =

 Strip Forces referred to Strip Area, Chord
    j      Yle    Chord     Area     c cl      ai      cl_norm  cl       cd       cdv    cm_c/4    cm_LE  C.P.x/c
   121   0.0000   1.0573   0.0140  -0.0000   0.0000  -0.0000  -0.0000   0.0000   0.0000  -0.0000   0.0000    0.179
   122   0.0000   1.0509   0.0227  -0.0000   0.0000  -0.0000  -0.0000  -0.0000   0.0000  -0.0000   0.0000    0.203
   123   0.0000   1.0413   0.0311  -0.0000   0.0000  -0.0000  -0.0000   0.0000   0.0000  -0.0000   0.0000    0.211
   124   0.0000   1.0287   0.0389  -0.0000   0.0000  -0.0000  -0.0000  -0.0000   0.0000  -0.0000   0.0000    0.204
   125   0.0000   1.0133   0.0461  -0.0000   0.0000  -0.0000  -0.0000   0.0000   0.0000  -0.0000   0.0000    0.204
   126   0.0000   0.9966   0.0440  -0.0000   0.0000  -0.0000  -0.0000  -0.0000   0.0000  -0.0000   0.0000    0.210
   127   0.0000   0.9792   0.0488  -0.0000   0.0000  -0.0000  -0.0000  -0.0000   0.0000  -0.0000   0.0000    0.216
   128   0.0000   0.9597   0.0527  -0.0000   0.0000  -0.0000  -0.0000  -0.0000   0.0000  -0.0000   0.0000    0.217
   129   0.0000   0.9385   0.0559  -0.0000   0.0000  -0.0000  -0.0000  -0.0000   0.0000  -0.0000   0.0000    0.223
   130   0.0000   0.9157   0.0582  -0.0000   0.0000  -0.0000  -0.0000  -0.0000   0.0000  -0.0000   0.0000    0.225
   131   0.0000   0.8915   0.0596  -0.0000  -0.0000  -0.0000  -0.0000  -0.0000   0.0000  -0.0000   0.0000    0.228
   132   0.0000   0.8662   0.0602  -0.0000   0.0000  -0.0000  -0.0000  -0.0000   0.0000  -0.0000   0.0000    0.231
   133   0.0000   0.8401   0.0601  -0.0000   0.0000  -0.0000  -0.0000  -0.0000   0.0000  -0.0000   0.0000    0.226
   134   0.0000   0.8133   0.0592  -0.0000   0.0000  -0.0000  -0.0000  -0.0000   0.0000  -0.0000   0.0000    0.227
   135   0.0000   0.7863   0.0576  -0.0000   0.0000  -0.0000  -0.0000  -0.0000   0.0000  -0.0000   0.0000    0.233
   136   0.0000   0.7592   0.0554  -0.0000   0.0000  -0.0000  -0.0000  -0.0000   0.0000  -0.0000   0.0000    0.238
   137   0.0000   0.7323   0.0527  -0.0000   0.0000  -0.0000  -0.0000  -0.0000   0.0000  -0.0000   0.0000    0.234
   138   0.0000   0.7060   0.0495  -0.0000   0.0000  -0.0000  -0.0000  -0.0000   0.0000  -0.0000   0.0000    0.231
   139   0.0000   0.6804   0.0460  -0.0000   0.0000  -0.0000  -0.0000  -0.0000   0.0000  -0.0000   0.0000    0.229
   140   0.0000   0.6560   0.0422  -0.0000   0.0000  -0.0000  -0.0000  -0.0000   0.0000  -0.0000   0.0000    0.225
   141   0.0000   0.6328   0.0383  -0.0000   0.0000  -0.0000  -0.0000  -0.0000   0.0000  -0.0000   0.0000    0.215
   142   0.0000   0.6112   0.0342  -0.0000   0.0000  -0.0000  -0.0000  -0.0000   0.0000  -0.0000   0.0000    0.211
   143   0.0000   0.5914   0.0301  -0.0000   0.0000  -0.0000  -0.0000  -0.0000   0.0000  -0.0000   0.0000    0.207
   144   0.0000   0.5736   0.0259  -0.0000   0.0000  -0.0000  -0.0000  -0.0000   0.0000  -0.0000   0.0000    0.200
   145   0.0000   0.5570   0.0246  -0.0000   0.0000  -0.0000  -0.0000  -0.0000   0.0000  -0.0000   0.0000    0.193
   146   0.0000   0.5419   0.0200  -0.0000   0.0000  -0.0000  -0.0000  -0.0000   0.0000  -0.0000   0.0000    0.187
   147   0.0000   0.5297   0.0154  -0.0000   0.0000  -0.0000  -0.0000  -0.0000   0.0000  -0.0000   0.0000    0.168
   148   0.0000   0.5204   0.0109  -0.0000   0.0000  -0.0000  -0.0000  -0.0000   0.0000  -0.0000   0.0000    0.162
   149   0.0000   0.5141   0.0065  -0.0000   0.0000  -0.0000  -0.0000  -0.0000   0.0000  -0.0000   0.0000    0.147
   150   0.0000   0.5110   0.0022  -0.0000   0.0000  -0.0000  -0.0000  -0.0000   0.0000  -0.0000   0.0000    0.150
 ---------------------------------------------------------------
