 ---------------------------------------------------------------
 Surface and Strip Forces by surface

  Forces referred to Sref, Cref, Bref about Xref, Yref, Zref
 Standard axis orientation,  X fwd, Z down         

  Surface # 1     main_wing                               
     # Chordwise = 10   # Spanwise = 30     First strip =  1
     Surface area =    8.662745       Ave. chord =    1.689678
     CLsurf  =   0.63557     Clsurf  =  -0.13437
     CYsurf  =  -0.09317     Cmsurf  =  -0.04695
     CDsurf  =   0.04368     Cnsurf  =  -0.01103
     CDisurf =   0.04368     CDvsurf =   0.00000

  Forces referred to Ssurf, Cave about hinge axis thru LE
     CLsurf  =   1.27357     CDsurf  =   0.08661
     Deflect =

 Strip Forces referred to Strip Area, Chord
    j      Yle    Chord     Area     c cl      ai      cl_norm  cl       cd       cdv    cm_c/4    cm_LE  C.P.x/c
     1   0.0034   2.1937   0.0299   3.7745   0.0567   1.7118   1.7107   0.2053   0.0000  -0.0477  -0.4781    0.278
     2   0.0304   2.1884   0.0891   2.5940   0.0583   1.1886   1.1878   0.0882   0.0000  -0.0553  -0.3521    0.297
     3   0.0840   2.1777   0.1468   2.5125   0.0640   1.1589   1.1581   0.0749   0.0000  -0.0573  -0.3462    0.299
     4   0.1638   2.1619   0.2017   2.5020   0.0739   1.1636   1.1628   0.0687   0.0000  -0.0615  -0.3513    0.303
     5   0.2688   2.1410   0.2531   2.5003   0.0875   1.1750   1.1742   0.0640   0.0000  -0.0693  -0.3617    0.309
     6   0.3979   2.1154   0.3000   2.5621   0.1045   1.2168   1.2160   0.0772   0.0000  -0.0778  -0.3810    0.314
     7   0.5496   2.0852   0.3417   2.5843   0.1246   1.2458   1.2449   0.0750   0.0000  -0.0926  -0.4029    0.324
     8   0.7223   2.0509   0.3776   2.5776   0.1480   1.2652   1.2643   0.0656   0.0000  -0.1137  -0.4283    0.340
     9   0.9142   2.0128   0.4073   2.6289   0.1749   1.3127   1.3118   0.0803   0.0000  -0.1303  -0.4572    0.349
    10   1.1285   1.9703   0.4526   2.6175   0.1837   1.3352   1.3343   0.0815   0.0000  -0.1457  -0.4782    0.359
    11   1.3637   1.9236   0.4694   2.6207   0.1714   1.3686   1.3676   0.0879   0.0000  -0.1535  -0.4945    0.362
    12   1.6118   1.8743   0.4793   2.5849   0.1585   1.3852   1.3842   0.0897   0.0000  -0.1581  -0.5032    0.364
    13   1.8700   1.8230   0.4823   2.5291   0.1436   1.3930   1.3920   0.0928   0.0000  -0.1608  -0.5080    0.366
    14   2.1357   1.7703   0.4789   2.4711   0.1290   1.4016   1.4007   0.0932   0.0000  -0.1625  -0.5118    0.366
    15   2.4057   1.7167   0.4695   2.4021   0.1217   1.4050   1.4040   0.0937   0.0000  -0.1634  -0.5136    0.366
    16   2.6723   1.6637   0.4384   2.3295   0.1206   1.4062   1.4053   0.0920   0.0000  -0.1635  -0.5139    0.366
    17   2.9325   1.6120   0.4201   2.2362   0.1221   1.3925   1.3915   0.0952   0.0000  -0.1628  -0.5099    0.367
    18   3.1884   1.5612   0.3979   2.1501   0.1248   1.3827   1.3818   0.0930   0.0000  -0.1620  -0.5066    0.367
    19   3.4372   1.5118   0.3724   2.0480   0.1285   1.3598   1.3589   0.0928   0.0000  -0.1602  -0.4992    0.368
    20   3.6775   1.4641   0.3480   1.9372   0.1335   1.3274   1.3265   0.0950   0.0000  -0.1577  -0.4888    0.369
    21   3.9066   1.4186   0.3174   1.8144   0.1400   1.2823   1.2815   0.0966   0.0000  -0.1543  -0.4743    0.370
    22   4.1206   1.3761   0.2853   1.6836   0.1480   1.2259   1.2250   0.0969   0.0000  -0.1496  -0.4558    0.372
    23   4.3172   1.3370   0.2522   1.5443   0.1578   1.1566   1.1558   0.0952   0.0000  -0.1435  -0.4325    0.374
    24   4.4942   1.3019   0.2186   1.3888   0.1692   1.0672   1.0665   0.0940   0.0000  -0.1353  -0.4022    0.377
    25   4.6536   1.2702   0.1944   1.2206   0.1826   0.9604   0.9597   0.0899   0.0000  -0.1246  -0.3651    0.380
    26   4.7929   1.2426   0.1585   1.0304   0.1975   0.8278   0.8272   0.0831   0.0000  -0.1105  -0.3180    0.384
    27   4.9062   1.2201   0.1229   0.8250   0.2134   0.6743   0.6738   0.0719   0.0000  -0.0925  -0.2617    0.387
    28   4.9923   1.2030   0.0875   0.6033   0.2295   0.4996   0.4993   0.0563   0.0000  -0.0705  -0.1960    0.391
    29   5.0502   1.1915   0.0524   0.3689   0.2444   0.3081   0.3079   0.0366   0.0000  -0.0446  -0.1220    0.395
    30   5.0794   1.1857   0.0174   0.1246   0.2545   0.1045   0.1044   0.0129   0.0000  -0.0153  -0.0416    0.397

  Surface # 2     main_wing (YDUP)                        
     # Chordwise = 10   # Spanwise = 30     First strip = 31
     Surface area =    8.662745       Ave. chord =    1.689678
     CLsurf  =   0.63557     Clsurf  =   0.13437
     CYsurf  =   0.09317     Cmsurf  =  -0.04695
     CDsurf  =   0.04368     Cnsurf  =   0.01103
     CDisurf =   0.04368     CDvsurf =   0.00000

  Forces referred to Ssurf, Cave about hinge axis thru LE
     CLsurf  =   1.27357     CDsurf  =   0.08661
     Deflect =

 Strip Forces referred to Strip Area, Chord
    j      Yle    Chord     Area     c cl      ai      cl_norm  cl       cd       cdv    cm_c/4    cm_LE  C.P.x/c
    31  -0.0034   2.1937   0.0299   3.7745   0.0567   1.7118   1.7107   0.2053   0.0000  -0.0477   0.4781    0.278
    32  -0.0304   2.1884   0.0891   2.5940   0.0583   1.1886   1.1878   0.0882   0.0000  -0.0553   0.3521    0.297
    33  -0.0840   2.1777   0.1468   2.5125   0.0640   1.1589   1.1581   0.0749   0.0000  -0.0573   0.3462    0.299
    34  -0.1638   2.1619   0.2017   2.5020   0.0739   1.1636   1.1628   0.0687   0.0000  -0.0615   0.3513    0.303
    35  -0.2688   2.1410   0.2531   2.5003   0.0875   1.1750   1.1742   0.0641   0.0000  -0.0693   0.3617    0.309
    36  -0.3979   2.1154   0.3000   2.5621   0.1045   1.2168   1.2160   0.0772   0.0000  -0.0778   0.3810    0.314
    37  -0.5496   2.0852   0.3417   2.5843   0.1246   1.2458   1.2449   0.0750   0.0000  -0.0926   0.4029    0.324
    38  -0.7223   2.0509   0.3776   2.5776   0.1480   1.2652   1.2643   0.0656   0.0000  -0.1137   0.4283    0.340
    39  -0.9142   2.0128   0.4073   2.6289   0.1749   1.3127   1.3118   0.0803   0.0000  -0.1303   0.4572    0.349
    40  -1.1285   1.9703   0.4526   2.6175   0.1837   1.3352   1.3343   0.0815   0.0000  -0.1457   0.4782    0.359
    41  -1.3637   1.9236   0.4694   2.6207   0.1714   1.3686   1.3676   0.0879   0.0000  -0.1535   0.4945    0.362
    42  -1.6118   1.8743   0.4793   2.5849   0.1585   1.3852   1.3842   0.0897   0.0000  -0.1581   0.5032    0.364
    43  -1.8700   1.8230   0.4823   2.5291   0.1436   1.3930   1.3920   0.0928   0.0000  -0.1608   0.5080    0.366
    44  -2.1357   1.7703   0.4789   2.4711   0.1290   1.4016   1.4007   0.0932   0.0000  -0.1625   0.5118    0.366
    45  -2.4057   1.7167   0.4695   2.4021   0.1217   1.4050   1.4040   0.0937   0.0000  -0.1634   0.5136    0.366
    46  -2.6723   1.6637   0.4384   2.3295   0.1206   1.4062   1.4053   0.0920   0.0000  -0.1635   0.5139    0.366
    47  -2.9325   1.6120   0.4201   2.2362   0.1221   1.3925   1.3915   0.0952   0.0000  -0.1628   0.5099    0.367
    48  -3.1884   1.5612   0.3979   2.1501   0.1248   1.3827   1.3817   0.0930   0.0000  -0.1620   0.5066    0.367
    49  -3.4372   1.5118   0.3724   2.0480   0.1285   1.3598   1.3589   0.0928   0.0000  -0.1602   0.4992    0.368
    50  -3.6775   1.4641   0.3480   1.9372   0.1335   1.3274   1.3265   0.0950   0.0000  -0.1577   0.4888    0.369
    51  -3.9066   1.4186   0.3174   1.8144   0.1400   1.2823   1.2815   0.0966   0.0000  -0.1543   0.4743    0.370
    52  -4.1206   1.3761   0.2853   1.6836   0.1480   1.2259   1.2250   0.0969   0.0000  -0.1496   0.4558    0.372
    53  -4.3172   1.3370   0.2522   1.5443   0.1578   1.1566   1.1558   0.0952   0.0000  -0.1435   0.4325    0.374
    54  -4.4942   1.3019   0.2186   1.3888   0.1692   1.0672   1.0665   0.0940   0.0000  -0.1353   0.4022    0.377
    55  -4.6536   1.2702   0.1944   1.2206   0.1826   0.9604   0.9597   0.0899   0.0000  -0.1246   0.3651    0.380
    56  -4.7929   1.2426   0.1585   1.0304   0.1975   0.8278   0.8272   0.0831   0.0000  -0.1105   0.3180    0.384
    57  -4.9062   1.2201   0.1229   0.8250   0.2134   0.6743   0.6738   0.0719   0.0000  -0.0925   0.2617    0.387
    58  -4.9923   1.2030   0.0875   0.6033   0.2295   0.4996   0.4993   0.0563   0.0000  -0.0705   0.1960    0.391
    59  -5.0502   1.1915   0.0524   0.3689   0.2444   0.3081   0.3079   0.0366   0.0000  -0.0446   0.1220    0.395
    60  -5.0794   1.1857   0.0174   0.1246   0.2545   0.1045   0.1044   0.0129   0.0000  -0.0153   0.0416    0.397

  Surface # 3     horizontal_stabilizer                   
     # Chordwise = 10   # Spanwise = 30     First strip = 61
     Surface area =    2.000000       Ave. chord =    1.000000
     CLsurf  =   0.02831     Clsurf  =  -0.00229
     CYsurf  =  -0.00064     Cmsurf  =  -0.07630
     CDsurf  =   0.00379     Cnsurf  =   0.00024
     CDisurf =   0.00379     CDvsurf =   0.00000

  Forces referred to Ssurf, Cave about hinge axis thru LE
     CLsurf  =   0.24317     CDsurf  =   0.03254
     Deflect =

 Strip Forces referred to Strip Area, Chord
    j      Yle    Chord     Area     c cl      ai      cl_norm  cl       cd       cdv    cm_c/4    cm_LE  C.P.x/c
    61   0.0014   1.1973   0.0069   0.3462   0.1481   0.2823   0.2815   0.0687   0.0000   0.0020  -0.0699    0.243
    62   0.0129   1.1951   0.0205   0.3462   0.1478   0.2879   0.2870   0.0403   0.0000   0.0021  -0.0700    0.243
    63   0.0357   1.1906   0.0338   0.3460   0.1475   0.2892   0.2884   0.0383   0.0000   0.0022  -0.0701    0.242
    64   0.0696   1.1839   0.0465   0.3455   0.1472   0.2906   0.2897   0.0378   0.0000   0.0024  -0.0702    0.242
    65   0.1141   1.1751   0.0585   0.3445   0.1468   0.2920   0.2911   0.0375   0.0000   0.0027  -0.0703    0.241
    66   0.1689   1.1642   0.0695   0.3428   0.1465   0.2932   0.2923   0.0376   0.0000   0.0029  -0.0703    0.240
    67   0.2315   1.1519   0.0750   0.3400   0.1462   0.2940   0.2931   0.0375   0.0000   0.0030  -0.0704    0.240
    68   0.3008   1.1382   0.0833   0.3361   0.1460   0.2941   0.2932   0.0375   0.0000   0.0031  -0.0703    0.239
    69   0.3777   1.1230   0.0903   0.3307   0.1458   0.2934   0.2925   0.0372   0.0000   0.0032  -0.0701    0.239
    70   0.4614   1.1064   0.0960   0.3239   0.1457   0.2916   0.2907   0.0373   0.0000   0.0031  -0.0697    0.239
    71   0.5511   1.0887   0.1004   0.3155   0.1458   0.2885   0.2876   0.0380   0.0000   0.0030  -0.0691    0.240
    72   0.6456   1.0700   0.1034   0.3056   0.1459   0.2844   0.2835   0.0370   0.0000   0.0028  -0.0682    0.240
    73   0.7441   1.0506   0.1050   0.2944   0.1462   0.2791   0.2782   0.0357   0.0000   0.0026  -0.0670    0.241
    74   0.8453   1.0306   0.1054   0.2820   0.1467   0.2724   0.2715   0.0357   0.0000   0.0025  -0.0656    0.241
    75   0.9482   1.0102   0.1044   0.2686   0.1472   0.2646   0.2638   0.0351   0.0000   0.0023  -0.0638    0.241
    76   1.0518   0.9898   0.1023   0.2546   0.1478   0.2559   0.2551   0.0346   0.0000   0.0023  -0.0617    0.241
    77   1.1547   0.9694   0.0991   0.2400   0.1485   0.2462   0.2455   0.0336   0.0000   0.0023  -0.0593    0.241
    78   1.2559   0.9494   0.0949   0.2251   0.1491   0.2357   0.2350   0.0326   0.0000   0.0024  -0.0565    0.240
    79   1.3544   0.9300   0.0899   0.2098   0.1498   0.2243   0.2237   0.0310   0.0000   0.0027  -0.0535    0.238
    80   1.4489   0.9113   0.0840   0.1943   0.1506   0.2121   0.2115   0.0288   0.0000   0.0030  -0.0501    0.236
    81   1.5386   0.8936   0.0776   0.1785   0.1514   0.1985   0.1979   0.0282   0.0000   0.0034  -0.0463    0.233
    82   1.6223   0.8770   0.0705   0.1623   0.1523   0.1839   0.1833   0.0260   0.0000   0.0038  -0.0422    0.229
    83   1.6992   0.8618   0.0631   0.1457   0.1533   0.1680   0.1674   0.0239   0.0000   0.0042  -0.0379    0.225
    84   1.7685   0.8481   0.0552   0.1286   0.1543   0.1506   0.1501   0.0216   0.0000   0.0045  -0.0332    0.220
    85   1.8311   0.8358   0.0499   0.1106   0.1553   0.1315   0.1311   0.0190   0.0000   0.0047  -0.0282    0.214
    86   1.8859   0.8249   0.0411   0.0917   0.1562   0.1103   0.1100   0.0164   0.0000   0.0046  -0.0231    0.208
    87   1.9304   0.8161   0.0321   0.0721   0.1571   0.0877   0.0874   0.0129   0.0000   0.0042  -0.0178    0.202
    88   1.9643   0.8094   0.0230   0.0519   0.1579   0.0637   0.0635   0.0095   0.0000   0.0034  -0.0126    0.197
    89   1.9871   0.8049   0.0138   0.0313   0.1586   0.0386   0.0385   0.0058   0.0000   0.0022  -0.0075    0.192
    90   1.9986   0.8027   0.0046   0.0105   0.1589   0.0130   0.0129   0.0019   0.0000   0.0008  -0.0025    0.190

  Surface # 4     horizontal_stabilizer (YDUP)            
     # Chordwise = 10   # Spanwise = 30     First strip = 91
     Surface area =    2.000000       Ave. chord =    1.000000
     CLsurf  =   0.02831     Clsurf  =   0.00229
     CYsurf  =   0.00064     Cmsurf  =  -0.07630
     CDsurf  =   0.00379     Cnsurf  =  -0.00024
     CDisurf =   0.00379     CDvsurf =   0.00000

  Forces referred to Ssurf, Cave about hinge axis thru LE
     CLsurf  =   0.24317     CDsurf  =   0.03254
     Deflect =

 Strip Forces referred to Strip Area, Chord
    j      Yle    Chord     Area     c cl      ai      cl_norm  cl       cd       cdv    cm_c/4    cm_LE  C.P.x/c
    91  -0.0014   1.1973   0.0069   0.3462   0.1481   0.2823   0.2815   0.0687   0.0000   0.0020   0.0699    0.243
    92  -0.0129   1.1951   0.0205   0.3462   0.1478   0.2879   0.2870   0.0403   0.0000   0.0021   0.0700    0.243
    93  -0.0357   1.1906   0.0338   0.3460   0.1475   0.2892   0.2884   0.0383   0.0000   0.0022   0.0701    0.242
    94  -0.0696   1.1839   0.0465   0.3455   0.1472   0.2906   0.2897   0.0378   0.0000   0.0024   0.0702    0.242
    95  -0.1141   1.1751   0.0585   0.3445   0.1468   0.2920   0.2911   0.0375   0.0000   0.0027   0.0703    0.241
    96  -0.1689   1.1642   0.0695   0.3428   0.1465   0.2932   0.2923   0.0376   0.0000   0.0029   0.0703    0.240
    97  -0.2315   1.1519   0.0750   0.3400   0.1462   0.2940   0.2931   0.0375   0.0000   0.0030   0.0704    0.240
    98  -0.3008   1.1382   0.0833   0.3361   0.1460   0.2941   0.2932   0.0375   0.0000   0.0031   0.0703    0.239
    99  -0.3777   1.1230   0.0903   0.3307   0.1458   0.2934   0.2925   0.0372   0.0000   0.0032   0.0701    0.239
   100  -0.4614   1.1064   0.0960   0.3239   0.1457   0.2916   0.2907   0.0373   0.0000   0.0031   0.0697    0.239
   101  -0.5511   1.0887   0.1004   0.3155   0.1458   0.2885   0.2876   0.0380   0.0000   0.0030   0.0691    0.240
   102  -0.6456   1.0700   0.1034   0.3056   0.1459   0.2844   0.2835   0.0370   0.0000   0.0028   0.0682    0.240
   103  -0.7441   1.0506   0.1050   0.2944   0.1462   0.2791   0.2782   0.0357   0.0000   0.0026   0.0670    0.241
   104  -0.8453   1.0306   0.1054   0.2820   0.1467   0.2724   0.2715   0.0357   0.0000   0.0025   0.0656    0.241
   105  -0.9482   1.0102   0.1044   0.2686   0.1472   0.2646   0.2638   0.0351   0.0000   0.0023   0.0638    0.241
   106  -1.0518   0.9898   0.1023   0.2546   0.1478   0.2559   0.2551   0.0346   0.0000   0.0023   0.0617    0.241
   107  -1.1547   0.9694   0.0991   0.2400   0.1485   0.2462   0.2455   0.0336   0.0000   0.0023   0.0593    0.241
   108  -1.2559   0.9494   0.0949   0.2251   0.1491   0.2357   0.2350   0.0326   0.0000   0.0024   0.0565    0.240
   109  -1.3544   0.9300   0.0899   0.2098   0.1498   0.2243   0.2237   0.0310   0.0000   0.0027   0.0535    0.238
   110  -1.4489   0.9113   0.0840   0.1943   0.1506   0.2121   0.2115   0.0288   0.0000   0.0030   0.0501    0.236
   111  -1.5386   0.8936   0.0776   0.1785   0.1514   0.1985   0.1979   0.0282   0.0000   0.0034   0.0463    0.233
   112  -1.6223   0.8770   0.0705   0.1623   0.1523   0.1839   0.1833   0.0260   0.0000   0.0038   0.0422    0.229
   113  -1.6992   0.8618   0.0631   0.1457   0.1533   0.1680   0.1674   0.0239   0.0000   0.0042   0.0379    0.225
   114  -1.7685   0.8481   0.0552   0.1286   0.1543   0.1506   0.1501   0.0216   0.0000   0.0045   0.0332    0.220
   115  -1.8311   0.8358   0.0499   0.1106   0.1553   0.1315   0.1311   0.0190   0.0000   0.0047   0.0282    0.214
   116  -1.8859   0.8249   0.0411   0.0917   0.1562   0.1103   0.1100   0.0164   0.0000   0.0046   0.0231    0.208
   117  -1.9304   0.8161   0.0321   0.0721   0.1571   0.0877   0.0874   0.0129   0.0000   0.0042   0.0178    0.202
   118  -1.9643   0.8094   0.0230   0.0519   0.1579   0.0637   0.0635   0.0095   0.0000   0.0034   0.0126    0.197
   119  -1.9871   0.8049   0.0138   0.0313   0.1586   0.0386   0.0385   0.0058   0.0000   0.0022   0.0075    0.192
   120  -1.9986   0.8027   0.0046   0.0105   0.1589   0.0130   0.0129   0.0019   0.0000   0.0008   0.0025    0.190

  Surface # 5     vertical_stabilizer                     
     # Chordwise = 10   # Spanwise = 30     First strip =121
     Surface area =    1.162981       Ave. chord =    0.785002
     CLsurf  =   0.00000     Clsurf  =   0.00000
     CYsurf  =   0.00000     Cmsurf  =  -0.00000
     CDsurf  =  -0.00000     Cnsurf  =  -0.00000
     CDisurf =  -0.00000     CDvsurf =   0.00000

  Forces referred to Ssurf, Cave about hinge axis thru LE
     CLsurf  =  -0.00000     CDsurf  =  -0.00000
     Deflect =

 Strip Forces referred to Strip Area, Chord
    j      Yle    Chord     Area     c cl      ai      cl_norm  cl       cd       cdv    cm_c/4    cm_LE  C.P.x/c
   121   0.0000   1.0573   0.0140  -0.0000   0.0000  -0.0000  -0.0000   0.0000   0.0000  -0.0000   0.0000    0.166
   122   0.0000   1.0509   0.0227  -0.0000   0.0000  -0.0000  -0.0000  -0.0000   0.0000  -0.0000   0.0000    0.173
   123   0.0000   1.0413   0.0311  -0.0000   0.0000  -0.0000  -0.0000  -0.0000   0.0000  -0.0000   0.0000    0.180
   124   0.0000   1.0287   0.0389  -0.0000   0.0000  -0.0000  -0.0000   0.0000   0.0000  -0.0000   0.0000    0.173
   125   0.0000   1.0133   0.0461  -0.0000   0.0000  -0.0000  -0.0000  -0.0000   0.0000  -0.0000   0.0000    0.186
   126   0.0000   0.9966   0.0440  -0.0000   0.0000  -0.0000  -0.0000  -0.0000   0.0000  -0.0000   0.0000    0.184
   127   0.0000   0.9792   0.0488  -0.0000  -0.0000  -0.0000  -0.0000  -0.0000   0.0000  -0.0000   0.0000    0.194
   128   0.0000   0.9597   0.0527  -0.0000   0.0000  -0.0000  -0.0000  -0.0000   0.0000  -0.0000   0.0000    0.200
   129   0.0000   0.9385   0.0559  -0.0000   0.0000  -0.0000  -0.0000  -0.0000   0.0000  -0.0000   0.0000    0.202
   130   0.0000   0.9157   0.0582  -0.0000   0.0000  -0.0000  -0.0000  -0.0000   0.0000  -0.0000   0.0000    0.205
   131   0.0000   0.8915   0.0596  -0.0000   0.0000  -0.0000  -0.0000  -0.0000   0.0000  -0.0000   0.0000    0.205
   132   0.0000   0.8662   0.0602  -0.0000   0.0000  -0.0000  -0.0000  -0.0000   0.0000  -0.0000   0.0000    0.209
   133   0.0000   0.8401   0.0601  -0.0000   0.0000  -0.0000  -0.0000  -0.0000   0.0000  -0.0000   0.0000    0.219
   134   0.0000   0.8133   0.0592  -0.0000   0.0000  -0.0000  -0.0000  -0.0000   0.0000  -0.0000   0.0000    0.217
   135   0.0000   0.7863   0.0576  -0.0000  -0.0000  -0.0000  -0.0000  -0.0000   0.0000  -0.0000   0.0000    0.216
   136   0.0000   0.7592   0.0554  -0.0000   0.0000  -0.0000  -0.0000  -0.0000   0.0000  -0.0000   0.0000    0.217
   137   0.0000   0.7323   0.0527  -0.0000   0.0000  -0.0000  -0.0000  -0.0000   0.0000  -0.0000   0.0000    0.218
   138   0.0000   0.7060   0.0495  -0.0000   0.0000  -0.0000  -0.0000  -0.0000   0.0000  -0.0000   0.0000    0.218
   139   0.0000   0.6804   0.0460  -0.0000   0.0000  -0.0000  -0.0000  -0.0000   0.0000  -0.0000   0.0000    0.220
   140   0.0000   0.6560   0.0422  -0.0000   0.0000  -0.0000  -0.0000  -0.0000   0.0000  -0.0000   0.0000    0.220
   141   0.0000   0.6328   0.0383  -0.0000   0.0000  -0.0000  -0.0000  -0.0000   0.0000  -0.0000   0.0000    0.213
   142   0.0000   0.6112   0.0342  -0.0000   0.0000  -0.0000  -0.0000  -0.0000   0.0000  -0.0000   0.0000    0.209
   143   0.0000   0.5914   0.0301  -0.0000   0.0000  -0.0000  -0.0000  -0.0000   0.0000  -0.0000   0.0000    0.205
   144   0.0000   0.5736   0.0259  -0.0000   0.0000  -0.0000  -0.0000  -0.0000   0.0000  -0.0000   0.0000    0.197
   145   0.0000   0.5570   0.0246  -0.0000   0.0000  -0.0000  -0.0000  -0.0000   0.0000  -0.0000   0.0000    0.190
   146   0.0000   0.5419   0.0200  -0.0000   0.0000  -0.0000  -0.0000  -0.0000   0.0000  -0.0000   0.0000    0.179
   147   0.0000   0.5297   0.0154  -0.0000   0.0000  -0.0000  -0.0000  -0.0000   0.0000  -0.0000   0.0000    0.167
   148   0.0000   0.5204   0.0109  -0.0000   0.0000  -0.0000  -0.0000  -0.0000   0.0000  -0.0000   0.0000    0.158
   149   0.0000   0.5141   0.0065  -0.0000   0.0000  -0.0000  -0.0000  -0.0000   0.0000  -0.0000   0.0000    0.153
   150   0.0000   0.5110   0.0022  -0.0000   0.0000  -0.0000  -0.0000  -0.0000   0.0000  -0.0000   0.0000    0.142
 ---------------------------------------------------------------
