 ---------------------------------------------------------------
 Surface and Strip Forces by surface

  Forces referred to Sref, Cref, Bref about Xref, Yref, Zref
 Standard axis orientation,  X fwd, Z down         

  Surface # 1     main_wing                               
     # Chordwise = 10   # Spanwise = 30     First strip =  1
     Surface area =    8.662745       Ave. chord =    1.689678
     CLsurf  =   0.40711     Clsurf  =  -0.08862
     CYsurf  =  -0.05578     Cmsurf  =  -0.05377
     CDsurf  =   0.01801     Cnsurf  =  -0.00167
     CDisurf =   0.01801     CDvsurf =   0.00000

  Forces referred to Ssurf, Cave about hinge axis thru LE
     CLsurf  =   0.81479     CDsurf  =   0.03571
     Deflect =

 Strip Forces referred to Strip Area, Chord
    j      Yle    Chord     Area     c cl      ai      cl_norm  cl       cd       cdv    cm_c/4    cm_LE  C.P.x/c
     1   0.0034   2.1937   0.0299   1.8719  -0.0153   0.8536   0.8534   0.0352   0.0000  -0.0562  -0.2694    0.316
     2   0.0304   2.1884   0.0891   1.5099  -0.0130   0.6907   0.6905   0.0233   0.0000  -0.0519  -0.2243    0.325
     3   0.0840   2.1777   0.1468   1.4879  -0.0064   0.6842   0.6841   0.0200   0.0000  -0.0531  -0.2239    0.328
     4   0.1638   2.1619   0.2017   1.4918   0.0042   0.6911   0.6910   0.0192   0.0000  -0.0570  -0.2295    0.333
     5   0.2688   2.1410   0.2531   1.5045   0.0186   0.7040   0.7039   0.0168   0.0000  -0.0638  -0.2395    0.341
     6   0.3979   2.1154   0.3000   1.5376   0.0363   0.7279   0.7278   0.0210   0.0000  -0.0741  -0.2557    0.352
     7   0.5496   2.0852   0.3417   1.5785   0.0572   0.7580   0.7578   0.0230   0.0000  -0.0878  -0.2769    0.366
     8   0.7223   2.0509   0.3776   1.6109   0.0813   0.7863   0.7862   0.0255   0.0000  -0.1048  -0.3010    0.383
     9   0.9142   2.0128   0.4073   1.6553   0.1093   0.8230   0.8228   0.0300   0.0000  -0.1229  -0.3283    0.399
    10   1.1285   1.9703   0.4526   1.6783   0.1196   0.8523   0.8521   0.0334   0.0000  -0.1369  -0.3496    0.411
    11   1.3637   1.9236   0.4694   1.6815   0.1099   0.8744   0.8742   0.0377   0.0000  -0.1445  -0.3628    0.415
    12   1.6118   1.8743   0.4793   1.6670   0.1017   0.8896   0.8894   0.0386   0.0000  -0.1487  -0.3708    0.417
    13   1.8700   1.8230   0.4823   1.6382   0.0946   0.8987   0.8985   0.0401   0.0000  -0.1511  -0.3755    0.418
    14   2.1357   1.7703   0.4789   1.6026   0.0892   0.9053   0.9051   0.0407   0.0000  -0.1524  -0.3785    0.418
    15   2.4057   1.7167   0.4695   1.5622   0.0861   0.9101   0.9099   0.0406   0.0000  -0.1533  -0.3806    0.418
    16   2.6723   1.6637   0.4384   1.5155   0.0849   0.9110   0.9108   0.0401   0.0000  -0.1535  -0.3810    0.419
    17   2.9325   1.6120   0.4201   1.4603   0.0849   0.9059   0.9057   0.0414   0.0000  -0.1532  -0.3795    0.419
    18   3.1884   1.5612   0.3979   1.4047   0.0859   0.8998   0.8996   0.0407   0.0000  -0.1528  -0.3775    0.420
    19   3.4372   1.5118   0.3724   1.3412   0.0879   0.8872   0.8870   0.0407   0.0000  -0.1518  -0.3734    0.421
    20   3.6775   1.4641   0.3480   1.2715   0.0910   0.8682   0.8680   0.0422   0.0000  -0.1503  -0.3672    0.423
    21   3.9066   1.4186   0.3174   1.1951   0.0954   0.8421   0.8419   0.0433   0.0000  -0.1481  -0.3585    0.426
    22   4.1206   1.3761   0.2853   1.1123   0.1013   0.8077   0.8075   0.0440   0.0000  -0.1450  -0.3468    0.430
    23   4.3172   1.3370   0.2522   1.0245   0.1087   0.7655   0.7653   0.0435   0.0000  -0.1407  -0.3320    0.434
    24   4.4942   1.3019   0.2186   0.9257   0.1179   0.7100   0.7099   0.0437   0.0000  -0.1346  -0.3121    0.440
    25   4.6536   1.2702   0.1944   0.8179   0.1289   0.6428   0.6426   0.0421   0.0000  -0.1261  -0.2868    0.446
    26   4.7929   1.2426   0.1585   0.6945   0.1419   0.5577   0.5576   0.0394   0.0000  -0.1138  -0.2533    0.454
    27   4.9062   1.2201   0.1229   0.5595   0.1561   0.4574   0.4573   0.0343   0.0000  -0.0972  -0.2116    0.462
    28   4.9923   1.2030   0.0875   0.4116   0.1709   0.3412   0.3411   0.0271   0.0000  -0.0754  -0.1608    0.471
    29   5.0502   1.1915   0.0524   0.2529   0.1851   0.2115   0.2115   0.0176   0.0000  -0.0483  -0.1013    0.479
    30   5.0794   1.1857   0.0174   0.0855   0.1950   0.0719   0.0719   0.0063   0.0000  -0.0168  -0.0348    0.483

  Surface # 2     main_wing (YDUP)                        
     # Chordwise = 10   # Spanwise = 30     First strip = 31
     Surface area =    8.662745       Ave. chord =    1.689678
     CLsurf  =   0.40711     Clsurf  =   0.08862
     CYsurf  =   0.05578     Cmsurf  =  -0.05377
     CDsurf  =   0.01801     Cnsurf  =   0.00167
     CDisurf =   0.01801     CDvsurf =   0.00000

  Forces referred to Ssurf, Cave about hinge axis thru LE
     CLsurf  =   0.81479     CDsurf  =   0.03571
     Deflect =

 Strip Forces referred to Strip Area, Chord
    j      Yle    Chord     Area     c cl      ai      cl_norm  cl       cd       cdv    cm_c/4    cm_LE  C.P.x/c
    31  -0.0034   2.1937   0.0299   1.8719  -0.0153   0.8536   0.8534   0.0352   0.0000  -0.0562   0.2694    0.316
    32  -0.0304   2.1884   0.0891   1.5099  -0.0130   0.6907   0.6905   0.0233   0.0000  -0.0519   0.2243    0.325
    33  -0.0840   2.1777   0.1468   1.4879  -0.0064   0.6842   0.6841   0.0200   0.0000  -0.0531   0.2239    0.328
    34  -0.1638   2.1619   0.2017   1.4918   0.0042   0.6911   0.6910   0.0192   0.0000  -0.0570   0.2295    0.333
    35  -0.2688   2.1410   0.2531   1.5045   0.0186   0.7040   0.7039   0.0168   0.0000  -0.0638   0.2395    0.341
    36  -0.3979   2.1154   0.3000   1.5376   0.0363   0.7279   0.7278   0.0210   0.0000  -0.0741   0.2557    0.352
    37  -0.5496   2.0852   0.3417   1.5785   0.0572   0.7580   0.7578   0.0230   0.0000  -0.0878   0.2769    0.366
    38  -0.7223   2.0509   0.3776   1.6109   0.0813   0.7863   0.7862   0.0255   0.0000  -0.1048   0.3010    0.383
    39  -0.9142   2.0128   0.4073   1.6553   0.1093   0.8230   0.8228   0.0300   0.0000  -0.1229   0.3283    0.399
    40  -1.1285   1.9703   0.4526   1.6783   0.1196   0.8523   0.8521   0.0334   0.0000  -0.1369   0.3496    0.411
    41  -1.3637   1.9236   0.4694   1.6815   0.1099   0.8744   0.8742   0.0377   0.0000  -0.1445   0.3628    0.415
    42  -1.6118   1.8743   0.4793   1.6670   0.1017   0.8896   0.8894   0.0386   0.0000  -0.1487   0.3708    0.417
    43  -1.8700   1.8230   0.4823   1.6382   0.0946   0.8987   0.8985   0.0401   0.0000  -0.1511   0.3755    0.418
    44  -2.1357   1.7703   0.4789   1.6026   0.0892   0.9053   0.9051   0.0407   0.0000  -0.1524   0.3785    0.418
    45  -2.4057   1.7167   0.4695   1.5622   0.0861   0.9101   0.9099   0.0406   0.0000  -0.1533   0.3806    0.418
    46  -2.6723   1.6637   0.4384   1.5155   0.0849   0.9110   0.9108   0.0401   0.0000  -0.1535   0.3810    0.419
    47  -2.9325   1.6120   0.4201   1.4603   0.0849   0.9059   0.9057   0.0414   0.0000  -0.1532   0.3795    0.419
    48  -3.1884   1.5612   0.3979   1.4047   0.0859   0.8998   0.8996   0.0407   0.0000  -0.1528   0.3775    0.420
    49  -3.4372   1.5118   0.3724   1.3412   0.0879   0.8872   0.8870   0.0407   0.0000  -0.1518   0.3734    0.421
    50  -3.6775   1.4641   0.3480   1.2714   0.0910   0.8682   0.8680   0.0422   0.0000  -0.1503   0.3672    0.423
    51  -3.9066   1.4186   0.3174   1.1951   0.0954   0.8421   0.8419   0.0433   0.0000  -0.1481   0.3585    0.426
    52  -4.1206   1.3761   0.2853   1.1123   0.1013   0.8077   0.8075   0.0440   0.0000  -0.1450   0.3468    0.430
    53  -4.3172   1.3370   0.2522   1.0245   0.1087   0.7655   0.7653   0.0435   0.0000  -0.1407   0.3320    0.434
    54  -4.4942   1.3019   0.2186   0.9257   0.1179   0.7100   0.7099   0.0437   0.0000  -0.1346   0.3121    0.440
    55  -4.6536   1.2702   0.1944   0.8179   0.1289   0.6428   0.6426   0.0421   0.0000  -0.1261   0.2868    0.446
    56  -4.7929   1.2426   0.1585   0.6945   0.1419   0.5577   0.5576   0.0394   0.0000  -0.1138   0.2533    0.454
    57  -4.9062   1.2201   0.1229   0.5595   0.1561   0.4574   0.4573   0.0343   0.0000  -0.0972   0.2116    0.462
    58  -4.9923   1.2030   0.0875   0.4116   0.1709   0.3412   0.3411   0.0271   0.0000  -0.0754   0.1608    0.471
    59  -5.0502   1.1915   0.0524   0.2529   0.1851   0.2115   0.2115   0.0176   0.0000  -0.0483   0.1013    0.479
    60  -5.0794   1.1857   0.0174   0.0855   0.1950   0.0719   0.0719   0.0063   0.0000  -0.0168   0.0348    0.483

  Surface # 3     horizontal_stabilizer                   
     # Chordwise = 10   # Spanwise = 30     First strip = 61
     Surface area =    2.000000       Ave. chord =    1.000000
     CLsurf  =   0.00823     Clsurf  =  -0.00057
     CYsurf  =  -0.00010     Cmsurf  =  -0.02204
     CDsurf  =   0.00061     Cnsurf  =   0.00004
     CDisurf =   0.00061     CDvsurf =   0.00000

  Forces referred to Ssurf, Cave about hinge axis thru LE
     CLsurf  =   0.07064     CDsurf  =   0.00523
     Deflect =

 Strip Forces referred to Strip Area, Chord
    j      Yle    Chord     Area     c cl      ai      cl_norm  cl       cd       cdv    cm_c/4    cm_LE  C.P.x/c
    61   0.0014   1.1973   0.0069   0.1232   0.0735   0.1027   0.1023   0.0107   0.0000   0.0008  -0.0248    0.242
    62   0.0129   1.1951   0.0205   0.1232   0.0734   0.1031   0.1028   0.0075   0.0000   0.0008  -0.0248    0.242
    63   0.0357   1.1906   0.0338   0.1231   0.0733   0.1035   0.1031   0.0073   0.0000   0.0009  -0.0248    0.242
    64   0.0696   1.1839   0.0465   0.1228   0.0732   0.1038   0.1035   0.0072   0.0000   0.0009  -0.0249    0.241
    65   0.1141   1.1751   0.0585   0.1222   0.0731   0.1041   0.1037   0.0072   0.0000   0.0010  -0.0248    0.240
    66   0.1689   1.1642   0.0695   0.1210   0.0731   0.1041   0.1037   0.0072   0.0000   0.0010  -0.0248    0.240
    67   0.2315   1.1519   0.0750   0.1192   0.0731   0.1036   0.1033   0.0071   0.0000   0.0011  -0.0247    0.240
    68   0.3008   1.1382   0.0833   0.1167   0.0732   0.1026   0.1023   0.0071   0.0000   0.0010  -0.0245    0.240
    69   0.3777   1.1230   0.0903   0.1132   0.0734   0.1009   0.1006   0.0070   0.0000   0.0009  -0.0242    0.241
    70   0.4614   1.1064   0.0960   0.1088   0.0737   0.0984   0.0981   0.0069   0.0000   0.0007  -0.0237    0.242
    71   0.5511   1.0887   0.1004   0.1034   0.0741   0.0950   0.0947   0.0068   0.0000   0.0005  -0.0231    0.244
    72   0.6456   1.0700   0.1034   0.0971   0.0746   0.0908   0.0905   0.0066   0.0000   0.0003  -0.0223    0.247
    73   0.7441   1.0506   0.1050   0.0902   0.0752   0.0859   0.0856   0.0062   0.0000   0.0000  -0.0213    0.250
    74   0.8453   1.0306   0.1054   0.0827   0.0759   0.0803   0.0801   0.0059   0.0000  -0.0003  -0.0202    0.253
    75   0.9482   1.0102   0.1044   0.0751   0.0766   0.0743   0.0741   0.0057   0.0000  -0.0005  -0.0190    0.257
    76   1.0518   0.9898   0.1023   0.0675   0.0772   0.0682   0.0680   0.0053   0.0000  -0.0008  -0.0177    0.262
    77   1.1547   0.9694   0.0991   0.0601   0.0777   0.0620   0.0618   0.0049   0.0000  -0.0010  -0.0164    0.266
    78   1.2559   0.9494   0.0949   0.0531   0.0782   0.0560   0.0558   0.0045   0.0000  -0.0011  -0.0150    0.270
    79   1.3544   0.9300   0.0899   0.0467   0.0785   0.0502   0.0500   0.0041   0.0000  -0.0012  -0.0137    0.274
    80   1.4489   0.9113   0.0840   0.0408   0.0788   0.0447   0.0446   0.0036   0.0000  -0.0012  -0.0124    0.278
    81   1.5386   0.8936   0.0776   0.0354   0.0791   0.0397   0.0395   0.0033   0.0000  -0.0012  -0.0111    0.281
    82   1.6223   0.8770   0.0705   0.0306   0.0793   0.0349   0.0348   0.0029   0.0000  -0.0012  -0.0098    0.283
    83   1.6992   0.8618   0.0631   0.0262   0.0796   0.0304   0.0303   0.0025   0.0000  -0.0011  -0.0086    0.285
    84   1.7685   0.8481   0.0552   0.0222   0.0798   0.0262   0.0261   0.0022   0.0000  -0.0010  -0.0075    0.287
    85   1.8311   0.8358   0.0499   0.0184   0.0801   0.0220   0.0220   0.0019   0.0000  -0.0008  -0.0063    0.288
    86   1.8859   0.8249   0.0411   0.0148   0.0803   0.0180   0.0179   0.0015   0.0000  -0.0007  -0.0051    0.288
    87   1.9304   0.8161   0.0321   0.0114   0.0805   0.0139   0.0139   0.0012   0.0000  -0.0005  -0.0040    0.288
    88   1.9643   0.8094   0.0230   0.0081   0.0808   0.0100   0.0099   0.0009   0.0000  -0.0004  -0.0028    0.287
    89   1.9871   0.8049   0.0138   0.0048   0.0809   0.0060   0.0060   0.0005   0.0000  -0.0002  -0.0017    0.287
    90   1.9986   0.8027   0.0046   0.0016   0.0810   0.0020   0.0020   0.0002   0.0000  -0.0001  -0.0006    0.287

  Surface # 4     horizontal_stabilizer (YDUP)            
     # Chordwise = 10   # Spanwise = 30     First strip = 91
     Surface area =    2.000000       Ave. chord =    1.000000
     CLsurf  =   0.00823     Clsurf  =   0.00057
     CYsurf  =   0.00010     Cmsurf  =  -0.02204
     CDsurf  =   0.00061     Cnsurf  =  -0.00004
     CDisurf =   0.00061     CDvsurf =   0.00000

  Forces referred to Ssurf, Cave about hinge axis thru LE
     CLsurf  =   0.07064     CDsurf  =   0.00523
     Deflect =

 Strip Forces referred to Strip Area, Chord
    j      Yle    Chord     Area     c cl      ai      cl_norm  cl       cd       cdv    cm_c/4    cm_LE  C.P.x/c
    91  -0.0014   1.1973   0.0069   0.1232   0.0735   0.1027   0.1023   0.0107   0.0000   0.0008   0.0248    0.242
    92  -0.0129   1.1951   0.0205   0.1232   0.0734   0.1031   0.1028   0.0075   0.0000   0.0008   0.0248    0.242
    93  -0.0357   1.1906   0.0338   0.1231   0.0733   0.1035   0.1031   0.0073   0.0000   0.0009   0.0248    0.242
    94  -0.0696   1.1839   0.0465   0.1228   0.0732   0.1038   0.1035   0.0072   0.0000   0.0009   0.0249    0.241
    95  -0.1141   1.1751   0.0585   0.1222   0.0731   0.1041   0.1037   0.0072   0.0000   0.0010   0.0248    0.240
    96  -0.1689   1.1642   0.0695   0.1210   0.0731   0.1041   0.1037   0.0072   0.0000   0.0010   0.0248    0.240
    97  -0.2315   1.1519   0.0750   0.1192   0.0731   0.1036   0.1033   0.0071   0.0000   0.0011   0.0247    0.240
    98  -0.3008   1.1382   0.0833   0.1167   0.0732   0.1026   0.1023   0.0071   0.0000   0.0010   0.0245    0.240
    99  -0.3777   1.1230   0.0903   0.1132   0.0734   0.1009   0.1006   0.0070   0.0000   0.0009   0.0242    0.241
   100  -0.4614   1.1064   0.0960   0.1088   0.0737   0.0984   0.0981   0.0069   0.0000   0.0007   0.0237    0.242
   101  -0.5511   1.0887   0.1004   0.1034   0.0741   0.0950   0.0947   0.0068   0.0000   0.0005   0.0231    0.244
   102  -0.6456   1.0700   0.1034   0.0971   0.0746   0.0908   0.0905   0.0066   0.0000   0.0003   0.0223    0.247
   103  -0.7441   1.0506   0.1050   0.0902   0.0752   0.0859   0.0856   0.0062   0.0000   0.0000   0.0213    0.250
   104  -0.8453   1.0306   0.1054   0.0827   0.0759   0.0803   0.0801   0.0059   0.0000  -0.0003   0.0202    0.253
   105  -0.9482   1.0102   0.1044   0.0751   0.0766   0.0743   0.0741   0.0057   0.0000  -0.0005   0.0190    0.257
   106  -1.0518   0.9898   0.1023   0.0675   0.0772   0.0682   0.0680   0.0053   0.0000  -0.0008   0.0177    0.262
   107  -1.1547   0.9694   0.0991   0.0601   0.0777   0.0620   0.0618   0.0049   0.0000  -0.0010   0.0164    0.266
   108  -1.2559   0.9494   0.0949   0.0531   0.0782   0.0560   0.0558   0.0045   0.0000  -0.0011   0.0150    0.270
   109  -1.3544   0.9300   0.0899   0.0467   0.0785   0.0502   0.0500   0.0041   0.0000  -0.0012   0.0137    0.274
   110  -1.4489   0.9113   0.0840   0.0408   0.0788   0.0447   0.0446   0.0036   0.0000  -0.0012   0.0124    0.278
   111  -1.5386   0.8936   0.0776   0.0354   0.0791   0.0397   0.0395   0.0033   0.0000  -0.0012   0.0111    0.281
   112  -1.6223   0.8770   0.0705   0.0306   0.0793   0.0349   0.0348   0.0029   0.0000  -0.0012   0.0098    0.283
   113  -1.6992   0.8618   0.0631   0.0262   0.0796   0.0304   0.0303   0.0025   0.0000  -0.0011   0.0086    0.285
   114  -1.7685   0.8481   0.0552   0.0222   0.0798   0.0262   0.0261   0.0022   0.0000  -0.0010   0.0075    0.287
   115  -1.8311   0.8358   0.0499   0.0184   0.0801   0.0220   0.0220   0.0019   0.0000  -0.0008   0.0063    0.288
   116  -1.8859   0.8249   0.0411   0.0148   0.0803   0.0180   0.0179   0.0015   0.0000  -0.0007   0.0051    0.288
   117  -1.9304   0.8161   0.0321   0.0114   0.0805   0.0139   0.0139   0.0012   0.0000  -0.0005   0.0040    0.288
   118  -1.9643   0.8094   0.0230   0.0081   0.0808   0.0100   0.0099   0.0009   0.0000  -0.0004   0.0028    0.287
   119  -1.9871   0.8049   0.0138   0.0048   0.0809   0.0060   0.0060   0.0005   0.0000  -0.0002   0.0017    0.287
   120  -1.9986   0.8027   0.0046   0.0016   0.0810   0.0020   0.0020   0.0002   0.0000  -0.0001   0.0006    0.287

  Surface # 5     vertical_stabilizer                     
     # Chordwise = 10   # Spanwise = 30     First strip =121
     Surface area =    1.162981       Ave. chord =    0.785002
     CLsurf  =   0.00000     Clsurf  =   0.00000
     CYsurf  =   0.00000     Cmsurf  =  -0.00000
     CDsurf  =  -0.00000     Cnsurf  =  -0.00000
     CDisurf =  -0.00000     CDvsurf =   0.00000

  Forces referred to Ssurf, Cave about hinge axis thru LE
     CLsurf  =  -0.00000     CDsurf  =  -0.00000
     Deflect =

 Strip Forces referred to Strip Area, Chord
    j      Yle    Chord     Area     c cl      ai      cl_norm  cl       cd       cdv    cm_c/4    cm_LE  C.P.x/c
   121   0.0000   1.0573   0.0140  -0.0000   0.0000  -0.0000  -0.0000  -0.0000   0.0000  -0.0000   0.0000    0.166
   122   0.0000   1.0509   0.0227  -0.0000   0.0000  -0.0000  -0.0000  -0.0000   0.0000  -0.0000   0.0000    0.199
   123   0.0000   1.0413   0.0311  -0.0000   0.0000  -0.0000  -0.0000  -0.0000   0.0000  -0.0000   0.0000    0.206
   124   0.0000   1.0287   0.0389  -0.0000   0.0000  -0.0000  -0.0000  -0.0000   0.0000  -0.0000   0.0000    0.198
   125   0.0000   1.0133   0.0461  -0.0000   0.0000  -0.0000  -0.0000  -0.0000   0.0000  -0.0000   0.0000    0.201
   126   0.0000   0.9966   0.0440  -0.0000   0.0000  -0.0000  -0.0000  -0.0000   0.0000  -0.0000   0.0000    0.207
   127   0.0000   0.9792   0.0488  -0.0000   0.0000  -0.0000  -0.0000  -0.0000   0.0000  -0.0000   0.0000    0.217
   128   0.0000   0.9597   0.0527  -0.0000   0.0000  -0.0000  -0.0000  -0.0000   0.0000  -0.0000   0.0000    0.219
   129   0.0000   0.9385   0.0559  -0.0000   0.0000  -0.0000  -0.0000  -0.0000   0.0000  -0.0000   0.0000    0.225
   130   0.0000   0.9157   0.0582  -0.0000   0.0000  -0.0000  -0.0000  -0.0000   0.0000  -0.0000   0.0000    0.227
   131   0.0000   0.8915   0.0596  -0.0000   0.0000  -0.0000  -0.0000  -0.0000   0.0000  -0.0000   0.0000    0.229
   132   0.0000   0.8662   0.0602  -0.0000  -0.0000  -0.0000  -0.0000  -0.0000   0.0000  -0.0000   0.0000    0.235
   133   0.0000   0.8401   0.0601  -0.0000   0.0000  -0.0000  -0.0000  -0.0000   0.0000  -0.0000   0.0000    0.226
   134   0.0000   0.8133   0.0592  -0.0000   0.0000  -0.0000  -0.0000  -0.0000   0.0000  -0.0000   0.0000    0.228
   135   0.0000   0.7863   0.0576  -0.0000   0.0000  -0.0000  -0.0000  -0.0000   0.0000  -0.0000   0.0000    0.235
   136   0.0000   0.7592   0.0554  -0.0000   0.0000  -0.0000  -0.0000  -0.0000   0.0000  -0.0000   0.0000    0.240
   137   0.0000   0.7323   0.0527  -0.0000   0.0000  -0.0000  -0.0000  -0.0000   0.0000  -0.0000   0.0000    0.236
   138   0.0000   0.7060   0.0495  -0.0000   0.0000  -0.0000  -0.0000  -0.0000   0.0000  -0.0000   0.0000    0.231
   139   0.0000   0.6804   0.0460  -0.0000   0.0000  -0.0000  -0.0000  -0.0000   0.0000  -0.0000   0.0000    0.229
   140   0.0000   0.6560   0.0422  -0.0000   0.0000  -0.0000  -0.0000  -0.0000   0.0000  -0.0000   0.0000    0.225
   141   0.0000   0.6328   0.0383  -0.0000   0.0000  -0.0000  -0.0000  -0.0000   0.0000  -0.0000   0.0000    0.216
   142   0.0000   0.6112   0.0342  -0.0000   0.0000  -0.0000  -0.0000  -0.0000   0.0000  -0.0000   0.0000    0.210
   143   0.0000   0.5914   0.0301  -0.0000   0.0000  -0.0000  -0.0000  -0.0000   0.0000  -0.0000   0.0000    0.207
   144   0.0000   0.5736   0.0259  -0.0000   0.0000  -0.0000  -0.0000  -0.0000   0.0000  -0.0000   0.0000    0.198
   145   0.0000   0.5570   0.0246  -0.0000   0.0000  -0.0000  -0.0000  -0.0000   0.0000  -0.0000   0.0000    0.191
   146   0.0000   0.5419   0.0200  -0.0000   0.0000  -0.0000  -0.0000  -0.0000   0.0000  -0.0000   0.0000    0.185
   147   0.0000   0.5297   0.0154  -0.0000   0.0000  -0.0000  -0.0000  -0.0000   0.0000  -0.0000   0.0000    0.167
   148   0.0000   0.5204   0.0109  -0.0000   0.0000  -0.0000  -0.0000  -0.0000   0.0000  -0.0000   0.0000    0.160
   149   0.0000   0.5141   0.0065  -0.0000   0.0000  -0.0000  -0.0000  -0.0000   0.0000  -0.0000   0.0000    0.145
   150   0.0000   0.5110   0.0022  -0.0000   0.0000  -0.0000  -0.0000  -0.0000   0.0000  -0.0000   0.0000    0.148
 ---------------------------------------------------------------
