 ---------------------------------------------------------------
 Surface and Strip Forces by surface

  Forces referred to Sref, Cref, Bref about Xref, Yref, Zref
 Standard axis orientation,  X fwd, Z down         

  Surface # 1     main_wing                               
     # Chordwise = 10   # Spanwise = 30     First strip =  1
     Surface area =    8.662745       Ave. chord =    1.689678
     CLsurf  =   0.70560     Clsurf  =  -0.14857
     CYsurf  =  -0.10366     Cmsurf  =  -0.05511
     CDsurf  =   0.05385     Cnsurf  =  -0.01107
     CDisurf =   0.05385     CDvsurf =   0.00000

  Forces referred to Ssurf, Cave about hinge axis thru LE
     CLsurf  =   1.41395     CDsurf  =   0.10678
     Deflect =

 Strip Forces referred to Strip Area, Chord
    j      Yle    Chord     Area     c cl      ai      cl_norm  cl       cd       cdv    cm_c/4    cm_LE  C.P.x/c
     1   0.0034   2.1937   0.0299   4.6781   0.0667   2.1180   2.1165   0.2755   0.0000  -0.0645  -0.5979    0.280
     2   0.0304   2.1884   0.0891   2.9519   0.0685   1.3500   1.3491   0.1151   0.0000  -0.0690  -0.4067    0.301
     3   0.0840   2.1777   0.1468   2.8281   0.0741   1.3021   1.3013   0.0971   0.0000  -0.0707  -0.3959    0.304
     4   0.1638   2.1619   0.2017   2.8109   0.0840   1.3047   1.3038   0.0917   0.0000  -0.0746  -0.4002    0.307
     5   0.2688   2.1410   0.2531   2.7988   0.0978   1.3130   1.3121   0.0849   0.0000  -0.0837  -0.4110    0.314
     6   0.3979   2.1154   0.3000   2.8627   0.1152   1.3573   1.3563   0.0993   0.0000  -0.0933  -0.4321    0.319
     7   0.5496   2.0852   0.3417   2.9012   0.1359   1.3962   1.3953   0.0973   0.0000  -0.1074  -0.4557    0.327
     8   0.7223   2.0509   0.3776   2.9005   0.1599   1.4211   1.4201   0.0886   0.0000  -0.1286  -0.4826    0.341
     9   0.9142   2.0128   0.4073   2.9304   0.1876   1.4625   1.4615   0.0937   0.0000  -0.1502  -0.5146    0.353
    10   1.1285   1.9703   0.4526   2.9266   0.1971   1.4912   1.4901   0.1011   0.0000  -0.1664  -0.5381    0.362
    11   1.3637   1.9236   0.4694   2.9168   0.1852   1.5213   1.5203   0.1085   0.0000  -0.1753  -0.5547    0.365
    12   1.6118   1.8743   0.4793   2.8771   0.1728   1.5400   1.5389   0.1104   0.0000  -0.1803  -0.5644    0.367
    13   1.8700   1.8230   0.4823   2.8146   0.1588   1.5482   1.5472   0.1146   0.0000  -0.1839  -0.5702    0.369
    14   2.1357   1.7703   0.4789   2.7481   0.1455   1.5567   1.5556   0.1151   0.0000  -0.1860  -0.5744    0.370
    15   2.4057   1.7167   0.4695   2.6704   0.1387   1.5598   1.5588   0.1160   0.0000  -0.1874  -0.5767    0.370
    16   2.6723   1.6637   0.4384   2.5881   0.1375   1.5602   1.5591   0.1144   0.0000  -0.1875  -0.5768    0.370
    17   2.9325   1.6120   0.4201   2.4818   0.1386   1.5433   1.5422   0.1174   0.0000  -0.1865  -0.5717    0.371
    18   3.1884   1.5612   0.3979   2.3862   0.1408   1.5326   1.5315   0.1141   0.0000  -0.1855  -0.5679    0.371
    19   3.4372   1.5118   0.3724   2.2668   0.1441   1.5032   1.5021   0.1139   0.0000  -0.1831  -0.5583    0.372
    20   3.6775   1.4641   0.3480   2.1383   0.1486   1.4632   1.4622   0.1165   0.0000  -0.1800  -0.5455    0.373
    21   3.9066   1.4186   0.3174   2.0012   0.1544   1.4126   1.4116   0.1167   0.0000  -0.1756  -0.5286    0.374
    22   4.1206   1.3761   0.2853   1.8501   0.1617   1.3454   1.3444   0.1162   0.0000  -0.1697  -0.5061    0.376
    23   4.3172   1.3370   0.2522   1.6924   0.1705   1.2660   1.2652   0.1127   0.0000  -0.1620  -0.4787    0.378
    24   4.4942   1.3019   0.2186   1.5169   0.1808   1.1643   1.1635   0.1096   0.0000  -0.1522  -0.4438    0.381
    25   4.6536   1.2702   0.1944   1.3292   0.1927   1.0449   1.0442   0.1034   0.0000  -0.1395  -0.4014    0.384
    26   4.7929   1.2426   0.1585   1.1174   0.2060   0.8969   0.8963   0.0945   0.0000  -0.1229  -0.3479    0.387
    27   4.9062   1.2201   0.1229   0.8921   0.2202   0.7287   0.7282   0.0803   0.0000  -0.1023  -0.2853    0.391
    28   4.9923   1.2030   0.0875   0.6504   0.2344   0.5382   0.5379   0.0625   0.0000  -0.0776  -0.2128    0.394
    29   5.0502   1.1915   0.0524   0.3966   0.2477   0.3311   0.3309   0.0403   0.0000  -0.0488  -0.1320    0.397
    30   5.0794   1.1857   0.0174   0.1337   0.2563   0.1121   0.1120   0.0142   0.0000  -0.0167  -0.0449    0.399

  Surface # 2     main_wing (YDUP)                        
     # Chordwise = 10   # Spanwise = 30     First strip = 31
     Surface area =    8.662745       Ave. chord =    1.689678
     CLsurf  =   0.70560     Clsurf  =   0.14856
     CYsurf  =   0.10366     Cmsurf  =  -0.05511
     CDsurf  =   0.05385     Cnsurf  =   0.01107
     CDisurf =   0.05385     CDvsurf =   0.00000

  Forces referred to Ssurf, Cave about hinge axis thru LE
     CLsurf  =   1.41395     CDsurf  =   0.10678
     Deflect =

 Strip Forces referred to Strip Area, Chord
    j      Yle    Chord     Area     c cl      ai      cl_norm  cl       cd       cdv    cm_c/4    cm_LE  C.P.x/c
    31  -0.0034   2.1937   0.0299   4.6781   0.0667   2.1180   2.1165   0.2755   0.0000  -0.0645   0.5979    0.280
    32  -0.0304   2.1884   0.0891   2.9519   0.0685   1.3500   1.3491   0.1151   0.0000  -0.0690   0.4067    0.301
    33  -0.0840   2.1777   0.1468   2.8281   0.0741   1.3021   1.3013   0.0971   0.0000  -0.0707   0.3959    0.304
    34  -0.1638   2.1619   0.2017   2.8109   0.0840   1.3047   1.3038   0.0917   0.0000  -0.0746   0.4002    0.307
    35  -0.2688   2.1410   0.2531   2.7988   0.0978   1.3130   1.3121   0.0849   0.0000  -0.0837   0.4110    0.314
    36  -0.3979   2.1154   0.3000   2.8627   0.1152   1.3573   1.3563   0.0993   0.0000  -0.0933   0.4321    0.319
    37  -0.5496   2.0852   0.3417   2.9012   0.1359   1.3962   1.3953   0.0973   0.0000  -0.1074   0.4557    0.327
    38  -0.7223   2.0509   0.3776   2.9005   0.1599   1.4211   1.4201   0.0886   0.0000  -0.1286   0.4826    0.341
    39  -0.9142   2.0128   0.4073   2.9304   0.1876   1.4625   1.4615   0.0937   0.0000  -0.1502   0.5146    0.353
    40  -1.1285   1.9703   0.4526   2.9266   0.1971   1.4912   1.4901   0.1011   0.0000  -0.1664   0.5381    0.362
    41  -1.3637   1.9236   0.4694   2.9168   0.1852   1.5213   1.5203   0.1085   0.0000  -0.1753   0.5547    0.365
    42  -1.6118   1.8743   0.4793   2.8771   0.1728   1.5400   1.5389   0.1104   0.0000  -0.1803   0.5644    0.367
    43  -1.8700   1.8230   0.4823   2.8146   0.1588   1.5482   1.5472   0.1146   0.0000  -0.1839   0.5702    0.369
    44  -2.1357   1.7703   0.4789   2.7481   0.1455   1.5567   1.5556   0.1151   0.0000  -0.1860   0.5744    0.370
    45  -2.4057   1.7167   0.4695   2.6704   0.1387   1.5598   1.5588   0.1160   0.0000  -0.1874   0.5767    0.370
    46  -2.6723   1.6637   0.4384   2.5881   0.1375   1.5602   1.5591   0.1144   0.0000  -0.1875   0.5768    0.370
    47  -2.9325   1.6120   0.4201   2.4818   0.1386   1.5433   1.5422   0.1174   0.0000  -0.1865   0.5717    0.371
    48  -3.1884   1.5612   0.3979   2.3862   0.1408   1.5326   1.5315   0.1141   0.0000  -0.1855   0.5679    0.371
    49  -3.4372   1.5118   0.3724   2.2668   0.1441   1.5032   1.5021   0.1139   0.0000  -0.1831   0.5583    0.372
    50  -3.6775   1.4641   0.3480   2.1383   0.1486   1.4632   1.4622   0.1165   0.0000  -0.1800   0.5455    0.373
    51  -3.9066   1.4186   0.3174   2.0012   0.1544   1.4126   1.4116   0.1167   0.0000  -0.1756   0.5286    0.374
    52  -4.1206   1.3761   0.2853   1.8501   0.1617   1.3454   1.3444   0.1162   0.0000  -0.1697   0.5061    0.376
    53  -4.3172   1.3370   0.2522   1.6924   0.1705   1.2660   1.2652   0.1127   0.0000  -0.1620   0.4787    0.378
    54  -4.4942   1.3019   0.2186   1.5168   0.1808   1.1643   1.1635   0.1096   0.0000  -0.1522   0.4438    0.381
    55  -4.6536   1.2702   0.1944   1.3292   0.1927   1.0449   1.0442   0.1034   0.0000  -0.1395   0.4014    0.384
    56  -4.7929   1.2426   0.1585   1.1174   0.2060   0.8969   0.8963   0.0945   0.0000  -0.1229   0.3479    0.387
    57  -4.9062   1.2201   0.1229   0.8921   0.2202   0.7287   0.7282   0.0803   0.0000  -0.1023   0.2853    0.391
    58  -4.9923   1.2030   0.0875   0.6504   0.2344   0.5382   0.5379   0.0625   0.0000  -0.0776   0.2128    0.394
    59  -5.0502   1.1915   0.0524   0.3966   0.2477   0.3311   0.3309   0.0403   0.0000  -0.0488   0.1320    0.397
    60  -5.0794   1.1857   0.0174   0.1337   0.2563   0.1121   0.1120   0.0142   0.0000  -0.0167   0.0449    0.399

  Surface # 3     horizontal_stabilizer                   
     # Chordwise = 10   # Spanwise = 30     First strip = 61
     Surface area =    2.000000       Ave. chord =    1.000000
     CLsurf  =   0.02583     Clsurf  =  -0.00206
     CYsurf  =  -0.00061     Cmsurf  =  -0.06962
     CDsurf  =   0.00367     Cnsurf  =   0.00024
     CDisurf =   0.00367     CDvsurf =   0.00000

  Forces referred to Ssurf, Cave about hinge axis thru LE
     CLsurf  =   0.22189     CDsurf  =   0.03155
     Deflect =

 Strip Forces referred to Strip Area, Chord
    j      Yle    Chord     Area     c cl      ai      cl_norm  cl       cd       cdv    cm_c/4    cm_LE  C.P.x/c
    61   0.0014   1.1973   0.0069   0.3236   0.1583   0.2629   0.2621   0.0702   0.0000   0.0032  -0.0640    0.238
    62   0.0129   1.1951   0.0205   0.3236   0.1582   0.2687   0.2679   0.0400   0.0000   0.0032  -0.0641    0.238
    63   0.0357   1.1906   0.0338   0.3235   0.1579   0.2700   0.2692   0.0379   0.0000   0.0034  -0.0642    0.237
    64   0.0696   1.1839   0.0465   0.3230   0.1576   0.2713   0.2705   0.0374   0.0000   0.0036  -0.0643    0.237
    65   0.1141   1.1751   0.0585   0.3220   0.1573   0.2725   0.2717   0.0372   0.0000   0.0038  -0.0643    0.236
    66   0.1689   1.1642   0.0695   0.3202   0.1570   0.2736   0.2727   0.0373   0.0000   0.0040  -0.0644    0.235
    67   0.2315   1.1519   0.0750   0.3174   0.1568   0.2741   0.2733   0.0372   0.0000   0.0042  -0.0644    0.235
    68   0.3008   1.1382   0.0833   0.3135   0.1565   0.2740   0.2732   0.0366   0.0000   0.0043  -0.0642    0.234
    69   0.3777   1.1230   0.0903   0.3081   0.1563   0.2729   0.2721   0.0370   0.0000   0.0043  -0.0640    0.234
    70   0.4614   1.1064   0.0960   0.3012   0.1562   0.2707   0.2699   0.0369   0.0000   0.0042  -0.0635    0.235
    71   0.5511   1.0887   0.1004   0.2927   0.1562   0.2672   0.2664   0.0373   0.0000   0.0040  -0.0629    0.235
    72   0.6456   1.0700   0.1034   0.2827   0.1563   0.2626   0.2618   0.0367   0.0000   0.0038  -0.0619    0.236
    73   0.7441   1.0506   0.1050   0.2713   0.1565   0.2566   0.2558   0.0365   0.0000   0.0035  -0.0607    0.236
    74   0.8453   1.0306   0.1054   0.2588   0.1568   0.2497   0.2489   0.0344   0.0000   0.0032  -0.0592    0.237
    75   0.9482   1.0102   0.1044   0.2454   0.1572   0.2414   0.2406   0.0340   0.0000   0.0030  -0.0574    0.237
    76   1.0518   0.9898   0.1023   0.2313   0.1576   0.2321   0.2314   0.0333   0.0000   0.0028  -0.0553    0.238
    77   1.1547   0.9694   0.0991   0.2169   0.1580   0.2221   0.2215   0.0322   0.0000   0.0027  -0.0529    0.238
    78   1.2559   0.9494   0.0949   0.2022   0.1584   0.2114   0.2108   0.0309   0.0000   0.0027  -0.0502    0.237
    79   1.3544   0.9300   0.0899   0.1873   0.1588   0.2000   0.1994   0.0292   0.0000   0.0028  -0.0473    0.236
    80   1.4489   0.9113   0.0840   0.1724   0.1592   0.1879   0.1873   0.0272   0.0000   0.0030  -0.0440    0.234
    81   1.5386   0.8936   0.0776   0.1574   0.1597   0.1748   0.1743   0.0259   0.0000   0.0033  -0.0405    0.231
    82   1.6223   0.8770   0.0705   0.1423   0.1602   0.1610   0.1605   0.0241   0.0000   0.0035  -0.0368    0.228
    83   1.6992   0.8618   0.0631   0.1270   0.1608   0.1462   0.1458   0.0220   0.0000   0.0038  -0.0329    0.224
    84   1.7685   0.8481   0.0552   0.1115   0.1613   0.1304   0.1300   0.0197   0.0000   0.0040  -0.0287    0.219
    85   1.8311   0.8358   0.0499   0.0955   0.1620   0.1133   0.1130   0.0173   0.0000   0.0040  -0.0244    0.214
    86   1.8859   0.8249   0.0411   0.0788   0.1626   0.0947   0.0944   0.0147   0.0000   0.0039  -0.0199    0.209
    87   1.9304   0.8161   0.0321   0.0617   0.1631   0.0750   0.0748   0.0116   0.0000   0.0035  -0.0154    0.204
    88   1.9643   0.8094   0.0230   0.0444   0.1637   0.0543   0.0542   0.0084   0.0000   0.0028  -0.0109    0.199
    89   1.9871   0.8049   0.0138   0.0267   0.1641   0.0329   0.0328   0.0051   0.0000   0.0018  -0.0065    0.195
    90   1.9986   0.8027   0.0046   0.0089   0.1643   0.0110   0.0110   0.0017   0.0000   0.0006  -0.0021    0.193

  Surface # 4     horizontal_stabilizer (YDUP)            
     # Chordwise = 10   # Spanwise = 30     First strip = 91
     Surface area =    2.000000       Ave. chord =    1.000000
     CLsurf  =   0.02583     Clsurf  =   0.00206
     CYsurf  =   0.00061     Cmsurf  =  -0.06962
     CDsurf  =   0.00367     Cnsurf  =  -0.00024
     CDisurf =   0.00367     CDvsurf =   0.00000

  Forces referred to Ssurf, Cave about hinge axis thru LE
     CLsurf  =   0.22189     CDsurf  =   0.03155
     Deflect =

 Strip Forces referred to Strip Area, Chord
    j      Yle    Chord     Area     c cl      ai      cl_norm  cl       cd       cdv    cm_c/4    cm_LE  C.P.x/c
    91  -0.0014   1.1973   0.0069   0.3236   0.1584   0.2629   0.2621   0.0702   0.0000   0.0032   0.0640    0.238
    92  -0.0129   1.1951   0.0205   0.3236   0.1582   0.2687   0.2679   0.0400   0.0000   0.0032   0.0641    0.238
    93  -0.0357   1.1906   0.0338   0.3235   0.1579   0.2700   0.2692   0.0379   0.0000   0.0034   0.0642    0.237
    94  -0.0696   1.1839   0.0465   0.3230   0.1576   0.2713   0.2705   0.0374   0.0000   0.0036   0.0643    0.237
    95  -0.1141   1.1751   0.0585   0.3220   0.1573   0.2725   0.2717   0.0372   0.0000   0.0038   0.0643    0.236
    96  -0.1689   1.1642   0.0695   0.3202   0.1570   0.2736   0.2727   0.0373   0.0000   0.0040   0.0644    0.235
    97  -0.2315   1.1519   0.0750   0.3174   0.1568   0.2741   0.2733   0.0372   0.0000   0.0042   0.0644    0.235
    98  -0.3008   1.1382   0.0833   0.3135   0.1565   0.2740   0.2732   0.0366   0.0000   0.0043   0.0642    0.234
    99  -0.3777   1.1230   0.0903   0.3081   0.1563   0.2729   0.2721   0.0370   0.0000   0.0043   0.0640    0.234
   100  -0.4614   1.1064   0.0960   0.3012   0.1562   0.2707   0.2699   0.0369   0.0000   0.0042   0.0635    0.235
   101  -0.5511   1.0887   0.1004   0.2927   0.1562   0.2672   0.2664   0.0373   0.0000   0.0040   0.0629    0.235
   102  -0.6456   1.0700   0.1034   0.2827   0.1563   0.2626   0.2618   0.0367   0.0000   0.0038   0.0619    0.236
   103  -0.7441   1.0506   0.1050   0.2713   0.1565   0.2566   0.2558   0.0365   0.0000   0.0035   0.0607    0.236
   104  -0.8453   1.0306   0.1054   0.2588   0.1568   0.2497   0.2489   0.0344   0.0000   0.0032   0.0592    0.237
   105  -0.9482   1.0102   0.1044   0.2454   0.1572   0.2414   0.2406   0.0340   0.0000   0.0030   0.0574    0.237
   106  -1.0518   0.9898   0.1023   0.2313   0.1576   0.2321   0.2314   0.0333   0.0000   0.0028   0.0553    0.238
   107  -1.1547   0.9694   0.0991   0.2169   0.1580   0.2221   0.2215   0.0322   0.0000   0.0027   0.0529    0.238
   108  -1.2559   0.9494   0.0949   0.2022   0.1584   0.2114   0.2108   0.0309   0.0000   0.0027   0.0502    0.237
   109  -1.3544   0.9300   0.0899   0.1873   0.1588   0.2000   0.1994   0.0292   0.0000   0.0028   0.0473    0.236
   110  -1.4489   0.9113   0.0840   0.1724   0.1592   0.1879   0.1873   0.0272   0.0000   0.0030   0.0440    0.234
   111  -1.5386   0.8936   0.0776   0.1574   0.1597   0.1748   0.1743   0.0259   0.0000   0.0033   0.0405    0.231
   112  -1.6223   0.8770   0.0705   0.1423   0.1602   0.1610   0.1605   0.0241   0.0000   0.0035   0.0368    0.228
   113  -1.6992   0.8618   0.0631   0.1270   0.1608   0.1462   0.1458   0.0220   0.0000   0.0038   0.0329    0.224
   114  -1.7685   0.8481   0.0552   0.1115   0.1613   0.1304   0.1300   0.0197   0.0000   0.0040   0.0287    0.219
   115  -1.8311   0.8358   0.0499   0.0955   0.1620   0.1133   0.1130   0.0173   0.0000   0.0040   0.0244    0.214
   116  -1.8859   0.8249   0.0411   0.0788   0.1626   0.0947   0.0944   0.0147   0.0000   0.0039   0.0199    0.209
   117  -1.9304   0.8161   0.0321   0.0617   0.1631   0.0750   0.0748   0.0116   0.0000   0.0035   0.0154    0.204
   118  -1.9643   0.8094   0.0230   0.0444   0.1637   0.0543   0.0542   0.0084   0.0000   0.0028   0.0109    0.199
   119  -1.9871   0.8049   0.0138   0.0267   0.1641   0.0329   0.0328   0.0051   0.0000   0.0018   0.0065    0.195
   120  -1.9986   0.8027   0.0046   0.0089   0.1643   0.0110   0.0110   0.0017   0.0000   0.0006   0.0021    0.193

  Surface # 5     vertical_stabilizer                     
     # Chordwise = 10   # Spanwise = 30     First strip =121
     Surface area =    1.162981       Ave. chord =    0.785002
     CLsurf  =   0.00000     Clsurf  =   0.00000
     CYsurf  =   0.00000     Cmsurf  =  -0.00000
     CDsurf  =  -0.00000     Cnsurf  =  -0.00000
     CDisurf =  -0.00000     CDvsurf =   0.00000

  Forces referred to Ssurf, Cave about hinge axis thru LE
     CLsurf  =  -0.00000     CDsurf  =  -0.00000
     Deflect =

 Strip Forces referred to Strip Area, Chord
    j      Yle    Chord     Area     c cl      ai      cl_norm  cl       cd       cdv    cm_c/4    cm_LE  C.P.x/c
   121   0.0000   1.0573   0.0140  -0.0000   0.0000  -0.0000  -0.0000  -0.0000   0.0000  -0.0000   0.0000    0.185
   122   0.0000   1.0509   0.0227  -0.0000   0.0000  -0.0000  -0.0000  -0.0000   0.0000  -0.0000   0.0000    0.191
   123   0.0000   1.0413   0.0311  -0.0000   0.0000  -0.0000  -0.0000   0.0000   0.0000  -0.0000   0.0000    0.197
   124   0.0000   1.0287   0.0389  -0.0000   0.0000  -0.0000  -0.0000   0.0000   0.0000  -0.0000   0.0000    0.196
   125   0.0000   1.0133   0.0461  -0.0000   0.0000  -0.0000  -0.0000  -0.0000   0.0000  -0.0000   0.0000    0.192
   126   0.0000   0.9966   0.0440  -0.0000   0.0000  -0.0000  -0.0000  -0.0000   0.0000  -0.0000   0.0000    0.200
   127   0.0000   0.9792   0.0488  -0.0000   0.0000  -0.0000  -0.0000  -0.0000   0.0000  -0.0000   0.0000    0.209
   128   0.0000   0.9597   0.0527  -0.0000   0.0000  -0.0000  -0.0000  -0.0000   0.0000  -0.0000   0.0000    0.212
   129   0.0000   0.9385   0.0559  -0.0000   0.0000  -0.0000  -0.0000  -0.0000   0.0000  -0.0000   0.0000    0.215
   130   0.0000   0.9157   0.0582  -0.0000   0.0000  -0.0000  -0.0000  -0.0000   0.0000  -0.0000   0.0000    0.219
   131   0.0000   0.8915   0.0596  -0.0000   0.0000  -0.0000  -0.0000  -0.0000   0.0000  -0.0000   0.0000    0.218
   132   0.0000   0.8662   0.0602  -0.0000   0.0000  -0.0000  -0.0000  -0.0000   0.0000  -0.0000   0.0000    0.213
   133   0.0000   0.8401   0.0601  -0.0000   0.0000  -0.0000  -0.0000  -0.0000   0.0000  -0.0000   0.0000    0.215
   134   0.0000   0.8133   0.0592  -0.0000   0.0000  -0.0000  -0.0000  -0.0000   0.0000  -0.0000   0.0000    0.218
   135   0.0000   0.7863   0.0576  -0.0000   0.0000  -0.0000  -0.0000  -0.0000   0.0000  -0.0000   0.0000    0.218
   136   0.0000   0.7592   0.0554  -0.0000   0.0000  -0.0000  -0.0000  -0.0000   0.0000  -0.0000   0.0000    0.219
   137   0.0000   0.7323   0.0527  -0.0000   0.0000  -0.0000  -0.0000  -0.0000   0.0000  -0.0000   0.0000    0.217
   138   0.0000   0.7060   0.0495  -0.0000   0.0000  -0.0000  -0.0000  -0.0000   0.0000  -0.0000   0.0000    0.216
   139   0.0000   0.6804   0.0460  -0.0000   0.0000  -0.0000  -0.0000  -0.0000   0.0000  -0.0000   0.0000    0.210
   140   0.0000   0.6560   0.0422  -0.0000   0.0000  -0.0000  -0.0000  -0.0000   0.0000  -0.0000   0.0000    0.207
   141   0.0000   0.6328   0.0383  -0.0000   0.0000  -0.0000  -0.0000  -0.0000   0.0000  -0.0000   0.0000    0.205
   142   0.0000   0.6112   0.0342  -0.0000   0.0000  -0.0000  -0.0000  -0.0000   0.0000  -0.0000   0.0000    0.197
   143   0.0000   0.5914   0.0301  -0.0000   0.0000  -0.0000  -0.0000  -0.0000   0.0000  -0.0000   0.0000    0.190
   144   0.0000   0.5736   0.0259  -0.0000   0.0000  -0.0000  -0.0000  -0.0000   0.0000  -0.0000   0.0000    0.183
   145   0.0000   0.5570   0.0246  -0.0000   0.0000  -0.0000  -0.0000  -0.0000   0.0000  -0.0000   0.0000    0.173
   146   0.0000   0.5419   0.0200  -0.0000   0.0000  -0.0000  -0.0000  -0.0000   0.0000  -0.0000   0.0000    0.161
   147   0.0000   0.5297   0.0154  -0.0000   0.0000  -0.0000  -0.0000  -0.0000   0.0000  -0.0000   0.0000    0.152
   148   0.0000   0.5204   0.0109  -0.0000   0.0000  -0.0000  -0.0000  -0.0000   0.0000  -0.0000   0.0000    0.148
   149   0.0000   0.5141   0.0065  -0.0000   0.0000  -0.0000  -0.0000  -0.0000   0.0000  -0.0000   0.0000    0.138
   150   0.0000   0.5110   0.0022  -0.0000   0.0000  -0.0000  -0.0000  -0.0000   0.0000  -0.0000   0.0000    0.132
 ---------------------------------------------------------------
