 ---------------------------------------------------------------
 Surface and Strip Forces by surface

  Forces referred to Sref, Cref, Bref about Xref, Yref, Zref
 Standard axis orientation,  X fwd, Z down         

  Surface # 1     main_wing                               
     # Chordwise = 10   # Spanwise = 30     First strip =  1
     Surface area =    8.662745       Ave. chord =    1.689678
     CLsurf  =   0.43758     Clsurf  =  -0.09512
     CYsurf  =  -0.05736     Cmsurf  =  -0.10625
     CDsurf  =   0.02046     Cnsurf  =   0.00423
     CDisurf =   0.02046     CDvsurf =   0.00000

  Forces referred to Ssurf, Cave about hinge axis thru LE
     CLsurf  =   0.87511     CDsurf  =   0.04058
     Deflect =

 Strip Forces referred to Strip Area, Chord
    j      Yle    Chord     Area     c cl      ai      cl_norm  cl       cd       cdv    cm_c/4    cm_LE  C.P.x/c
     1   0.0034   2.1937   0.0299   2.4691  -0.0442   1.1284   1.1284  -0.0621   0.0000  -0.1964  -0.4772    0.424
     2   0.0304   2.1884   0.0891   1.6570  -0.0414   0.7572   0.7572   0.0133   0.0000  -0.1317  -0.3206    0.424
     3   0.0840   2.1777   0.1468   1.5982  -0.0348   0.7338   0.7337   0.0165   0.0000  -0.1287  -0.3119    0.425
     4   0.1638   2.1619   0.2017   1.5941  -0.0237   0.7372   0.7372   0.0176   0.0000  -0.1324  -0.3164    0.430
     5   0.2688   2.1410   0.2531   1.6053  -0.0084   0.7497   0.7496   0.0168   0.0000  -0.1403  -0.3274    0.437
     6   0.3979   2.1154   0.3000   1.6436   0.0109   0.7767   0.7766   0.0225   0.0000  -0.1543  -0.3481    0.449
     7   0.5496   2.0852   0.3417   1.6944   0.0342   0.8123   0.8123   0.0235   0.0000  -0.1741  -0.3769    0.464
     8   0.7223   2.0509   0.3776   1.7351   0.0615   0.8457   0.8456   0.0262   0.0000  -0.1944  -0.4054    0.480
     9   0.9142   2.0128   0.4073   1.7779   0.0933   0.8827   0.8826   0.0338   0.0000  -0.2172  -0.4375    0.496
    10   1.1285   1.9703   0.4526   1.8170   0.1075   0.9214   0.9214   0.0401   0.0000  -0.2376  -0.4676    0.508
    11   1.3637   1.9236   0.4694   1.8246   0.1018   0.9477   0.9476   0.0429   0.0000  -0.2501  -0.4866    0.514
    12   1.6118   1.8743   0.4793   1.8101   0.0996   0.9648   0.9648   0.0451   0.0000  -0.2583  -0.4992    0.518
    13   1.8700   1.8230   0.4823   1.7800   0.1025   0.9754   0.9753   0.0480   0.0000  -0.2638  -0.5074    0.521
    14   2.1357   1.7703   0.4789   1.7426   0.1085   0.9833   0.9832   0.0496   0.0000  -0.2678  -0.5133    0.522
    15   2.4057   1.7167   0.4695   1.6976   0.1104   0.9878   0.9877   0.0504   0.0000  -0.2705  -0.5172    0.524
    16   2.6723   1.6637   0.4384   1.6463   0.1085   0.9885   0.9884   0.0499   0.0000  -0.2720  -0.5188    0.525
    17   2.9325   1.6120   0.4201   1.5825   0.1061   0.9805   0.9805   0.0513   0.0000  -0.2717  -0.5165    0.527
    18   3.1884   1.5612   0.3979   1.5185   0.1044   0.9715   0.9715   0.0504   0.0000  -0.2712  -0.5138    0.529
    19   3.4372   1.5118   0.3724   1.4427   0.1038   0.9532   0.9531   0.0501   0.0000  -0.2688  -0.5068    0.532
    20   3.6775   1.4641   0.3480   1.3601   0.1042   0.9278   0.9278   0.0505   0.0000  -0.2651  -0.4968    0.536
    21   3.9066   1.4186   0.3174   1.2705   0.1058   0.8944   0.8944   0.0505   0.0000  -0.2597  -0.4830    0.540
    22   4.1206   1.3761   0.2853   1.1737   0.1086   0.8518   0.8517   0.0497   0.0000  -0.2520  -0.4647    0.546
    23   4.3172   1.3370   0.2522   1.0704   0.1125   0.7994   0.7994   0.0476   0.0000  -0.2418  -0.4414    0.552
    24   4.4942   1.3019   0.2186   0.9579   0.1175   0.7347   0.7346   0.0457   0.0000  -0.2278  -0.4113    0.560
    25   4.6536   1.2702   0.1944   0.8386   0.1238   0.6592   0.6591   0.0417   0.0000  -0.2097  -0.3743    0.568
    26   4.7929   1.2426   0.1585   0.7046   0.1313   0.5661   0.5660   0.0376   0.0000  -0.1853  -0.3267    0.577
    27   4.9062   1.2201   0.1229   0.5613   0.1395   0.4593   0.4592   0.0316   0.0000  -0.1547  -0.2694    0.587
    28   4.9923   1.2030   0.0875   0.4088   0.1483   0.3391   0.3391   0.0248   0.0000  -0.1172  -0.2019    0.596
    29   5.0502   1.1915   0.0524   0.2494   0.1565   0.2089   0.2088   0.0166   0.0000  -0.0736  -0.1258    0.603
    30   5.0794   1.1857   0.0174   0.0841   0.1618   0.0707   0.0707   0.0063   0.0000  -0.0252  -0.0429    0.606

  Surface # 2     main_wing (YDUP)                        
     # Chordwise = 10   # Spanwise = 30     First strip = 31
     Surface area =    8.662745       Ave. chord =    1.689678
     CLsurf  =   0.43758     Clsurf  =   0.09512
     CYsurf  =   0.05736     Cmsurf  =  -0.10625
     CDsurf  =   0.02046     Cnsurf  =  -0.00423
     CDisurf =   0.02046     CDvsurf =   0.00000

  Forces referred to Ssurf, Cave about hinge axis thru LE
     CLsurf  =   0.87511     CDsurf  =   0.04058
     Deflect =

 Strip Forces referred to Strip Area, Chord
    j      Yle    Chord     Area     c cl      ai      cl_norm  cl       cd       cdv    cm_c/4    cm_LE  C.P.x/c
    31  -0.0034   2.1937   0.0299   2.4691  -0.0442   1.1284   1.1284  -0.0621   0.0000  -0.1964   0.4772    0.424
    32  -0.0304   2.1884   0.0891   1.6570  -0.0414   0.7572   0.7572   0.0133   0.0000  -0.1317   0.3206    0.424
    33  -0.0840   2.1777   0.1468   1.5982  -0.0348   0.7338   0.7337   0.0165   0.0000  -0.1287   0.3119    0.425
    34  -0.1638   2.1619   0.2017   1.5941  -0.0237   0.7372   0.7372   0.0176   0.0000  -0.1324   0.3164    0.430
    35  -0.2688   2.1410   0.2531   1.6053  -0.0084   0.7497   0.7496   0.0168   0.0000  -0.1403   0.3274    0.437
    36  -0.3979   2.1154   0.3000   1.6436   0.0109   0.7767   0.7766   0.0225   0.0000  -0.1543   0.3481    0.449
    37  -0.5496   2.0852   0.3417   1.6944   0.0342   0.8123   0.8123   0.0235   0.0000  -0.1741   0.3769    0.464
    38  -0.7223   2.0509   0.3776   1.7351   0.0615   0.8457   0.8456   0.0262   0.0000  -0.1944   0.4054    0.480
    39  -0.9142   2.0128   0.4073   1.7779   0.0933   0.8827   0.8826   0.0338   0.0000  -0.2172   0.4375    0.496
    40  -1.1285   1.9703   0.4526   1.8170   0.1075   0.9214   0.9214   0.0401   0.0000  -0.2376   0.4676    0.508
    41  -1.3637   1.9236   0.4694   1.8245   0.1018   0.9477   0.9476   0.0429   0.0000  -0.2501   0.4866    0.514
    42  -1.6118   1.8743   0.4793   1.8101   0.0996   0.9648   0.9648   0.0451   0.0000  -0.2583   0.4992    0.518
    43  -1.8700   1.8230   0.4823   1.7800   0.1025   0.9754   0.9753   0.0480   0.0000  -0.2638   0.5074    0.521
    44  -2.1357   1.7703   0.4789   1.7426   0.1085   0.9833   0.9832   0.0496   0.0000  -0.2678   0.5133    0.522
    45  -2.4057   1.7167   0.4695   1.6976   0.1104   0.9878   0.9877   0.0504   0.0000  -0.2705   0.5172    0.524
    46  -2.6723   1.6637   0.4384   1.6463   0.1085   0.9885   0.9884   0.0499   0.0000  -0.2720   0.5188    0.525
    47  -2.9325   1.6120   0.4201   1.5825   0.1061   0.9805   0.9805   0.0513   0.0000  -0.2717   0.5165    0.527
    48  -3.1884   1.5612   0.3979   1.5185   0.1044   0.9715   0.9715   0.0504   0.0000  -0.2712   0.5138    0.529
    49  -3.4372   1.5118   0.3724   1.4427   0.1038   0.9532   0.9531   0.0501   0.0000  -0.2688   0.5068    0.532
    50  -3.6775   1.4641   0.3480   1.3601   0.1042   0.9278   0.9278   0.0505   0.0000  -0.2651   0.4968    0.536
    51  -3.9066   1.4186   0.3174   1.2705   0.1058   0.8944   0.8944   0.0505   0.0000  -0.2597   0.4830    0.540
    52  -4.1206   1.3761   0.2853   1.1737   0.1086   0.8518   0.8517   0.0497   0.0000  -0.2520   0.4647    0.546
    53  -4.3172   1.3370   0.2522   1.0704   0.1125   0.7994   0.7994   0.0476   0.0000  -0.2418   0.4414    0.552
    54  -4.4942   1.3019   0.2186   0.9579   0.1175   0.7347   0.7346   0.0457   0.0000  -0.2278   0.4113    0.560
    55  -4.6536   1.2702   0.1944   0.8386   0.1238   0.6592   0.6591   0.0417   0.0000  -0.2097   0.3743    0.568
    56  -4.7929   1.2426   0.1585   0.7046   0.1313   0.5661   0.5660   0.0376   0.0000  -0.1853   0.3267    0.577
    57  -4.9062   1.2201   0.1229   0.5613   0.1395   0.4593   0.4592   0.0316   0.0000  -0.1547   0.2694    0.587
    58  -4.9923   1.2030   0.0875   0.4088   0.1483   0.3391   0.3391   0.0248   0.0000  -0.1172   0.2019    0.596
    59  -5.0502   1.1915   0.0524   0.2494   0.1565   0.2089   0.2088   0.0166   0.0000  -0.0736   0.1258    0.603
    60  -5.0794   1.1857   0.0174   0.0841   0.1618   0.0707   0.0707   0.0063   0.0000  -0.0252   0.0429    0.606

  Surface # 3     horizontal_stabilizer                   
     # Chordwise = 10   # Spanwise = 30     First strip = 61
     Surface area =    2.000000       Ave. chord =    1.000000
     CLsurf  =  -0.01782     Clsurf  =   0.00166
     CYsurf  =   0.00014     Cmsurf  =   0.04726
     CDsurf  =  -0.00100     Cnsurf  =  -0.00011
     CDisurf =  -0.00100     CDvsurf =   0.00000

  Forces referred to Ssurf, Cave about hinge axis thru LE
     CLsurf  =  -0.15309     CDsurf  =  -0.00856
     Deflect =

 Strip Forces referred to Strip Area, Chord
    j      Yle    Chord     Area     c cl      ai      cl_norm  cl       cd       cdv    cm_c/4    cm_LE  C.P.x/c
    61   0.0014   1.1973   0.0069  -0.1532   0.0417  -0.1286  -0.1282   0.0043   0.0000  -0.0004   0.0314    0.247
    62   0.0129   1.1951   0.0205  -0.1532   0.0417  -0.1285  -0.1281  -0.0048   0.0000  -0.0004   0.0315    0.247
    63   0.0357   1.1906   0.0338  -0.1532   0.0418  -0.1290  -0.1286  -0.0055   0.0000  -0.0005   0.0315    0.246
    64   0.0696   1.1839   0.0465  -0.1534   0.0420  -0.1298  -0.1294  -0.0057   0.0000  -0.0006   0.0316    0.245
    65   0.1141   1.1751   0.0585  -0.1537   0.0421  -0.1311  -0.1306  -0.0059   0.0000  -0.0008   0.0317    0.244
    66   0.1689   1.1642   0.0695  -0.1543   0.0423  -0.1328  -0.1324  -0.0060   0.0000  -0.0010   0.0319    0.242
    67   0.2315   1.1519   0.0750  -0.1553   0.0425  -0.1351  -0.1347  -0.0062   0.0000  -0.0014   0.0321    0.240
    68   0.3008   1.1382   0.0833  -0.1567   0.0427  -0.1380  -0.1376  -0.0064   0.0000  -0.0018   0.0324    0.237
    69   0.3777   1.1230   0.0903  -0.1587   0.0431  -0.1416  -0.1412  -0.0067   0.0000  -0.0024   0.0328    0.233
    70   0.4614   1.1064   0.0960  -0.1612   0.0435  -0.1460  -0.1456  -0.0071   0.0000  -0.0030   0.0332    0.229
    71   0.5511   1.0887   0.1004  -0.1641   0.0439  -0.1511  -0.1506  -0.0074   0.0000  -0.0038   0.0337    0.225
    72   0.6456   1.0700   0.1034  -0.1673   0.0445  -0.1566  -0.1561  -0.0079   0.0000  -0.0047   0.0342    0.220
    73   0.7441   1.0506   0.1050  -0.1704   0.0451  -0.1625  -0.1620  -0.0087   0.0000  -0.0057   0.0347    0.215
    74   0.8453   1.0306   0.1054  -0.1731   0.0456  -0.1683  -0.1678  -0.0093   0.0000  -0.0067   0.0351    0.210
    75   0.9482   1.0102   0.1044  -0.1752   0.0461  -0.1737  -0.1731  -0.0098   0.0000  -0.0078   0.0353    0.205
    76   1.0518   0.9898   0.1023  -0.1761   0.0464  -0.1782  -0.1777  -0.0104   0.0000  -0.0089   0.0354    0.200
    77   1.1547   0.9694   0.0991  -0.1756   0.0466  -0.1815  -0.1809  -0.0108   0.0000  -0.0100   0.0351    0.195
    78   1.2559   0.9494   0.0949  -0.1735   0.0466  -0.1830  -0.1824  -0.0112   0.0000  -0.0109   0.0346    0.190
    79   1.3544   0.9300   0.0899  -0.1695   0.0464  -0.1825  -0.1820  -0.0114   0.0000  -0.0118   0.0336    0.185
    80   1.4489   0.9113   0.0840  -0.1635   0.0462  -0.1797  -0.1792  -0.0116   0.0000  -0.0125   0.0322    0.180
    81   1.5386   0.8936   0.0776  -0.1556   0.0458  -0.1744  -0.1739  -0.0114   0.0000  -0.0131   0.0303    0.175
    82   1.6223   0.8770   0.0705  -0.1458   0.0454  -0.1664  -0.1659  -0.0109   0.0000  -0.0134   0.0280    0.169
    83   1.6992   0.8618   0.0631  -0.1341   0.0450  -0.1558  -0.1553  -0.0103   0.0000  -0.0134   0.0253    0.164
    84   1.7685   0.8481   0.0552  -0.1207   0.0446  -0.1425  -0.1421  -0.0095   0.0000  -0.0131   0.0223    0.158
    85   1.8311   0.8358   0.0499  -0.1055   0.0442  -0.1264  -0.1260  -0.0085   0.0000  -0.0124   0.0190    0.151
    86   1.8859   0.8249   0.0411  -0.0885   0.0438  -0.1075  -0.1071  -0.0072   0.0000  -0.0112   0.0155    0.145
    87   1.9304   0.8161   0.0321  -0.0702   0.0435  -0.0862  -0.0859  -0.0058   0.0000  -0.0095   0.0120    0.140
    88   1.9643   0.8094   0.0230  -0.0509   0.0433  -0.0630  -0.0628  -0.0042   0.0000  -0.0072   0.0084    0.135
    89   1.9871   0.8049   0.0138  -0.0308   0.0431  -0.0384  -0.0383  -0.0027   0.0000  -0.0046   0.0050    0.131
    90   1.9986   0.8027   0.0046  -0.0103   0.0430  -0.0129  -0.0128  -0.0011   0.0000  -0.0016   0.0017    0.129

  Surface # 4     horizontal_stabilizer (YDUP)            
     # Chordwise = 10   # Spanwise = 30     First strip = 91
     Surface area =    2.000000       Ave. chord =    1.000000
     CLsurf  =  -0.01782     Clsurf  =  -0.00166
     CYsurf  =  -0.00014     Cmsurf  =   0.04726
     CDsurf  =  -0.00100     Cnsurf  =   0.00011
     CDisurf =  -0.00100     CDvsurf =   0.00000

  Forces referred to Ssurf, Cave about hinge axis thru LE
     CLsurf  =  -0.15309     CDsurf  =  -0.00856
     Deflect =

 Strip Forces referred to Strip Area, Chord
    j      Yle    Chord     Area     c cl      ai      cl_norm  cl       cd       cdv    cm_c/4    cm_LE  C.P.x/c
    91  -0.0014   1.1973   0.0069  -0.1532   0.0417  -0.1286  -0.1282   0.0043   0.0000  -0.0004  -0.0314    0.247
    92  -0.0129   1.1951   0.0205  -0.1532   0.0417  -0.1285  -0.1281  -0.0048   0.0000  -0.0004  -0.0315    0.247
    93  -0.0357   1.1906   0.0338  -0.1532   0.0418  -0.1290  -0.1286  -0.0055   0.0000  -0.0005  -0.0315    0.246
    94  -0.0696   1.1839   0.0465  -0.1534   0.0420  -0.1298  -0.1294  -0.0057   0.0000  -0.0006  -0.0316    0.245
    95  -0.1141   1.1751   0.0585  -0.1537   0.0421  -0.1311  -0.1306  -0.0059   0.0000  -0.0008  -0.0317    0.244
    96  -0.1689   1.1642   0.0695  -0.1543   0.0423  -0.1328  -0.1324  -0.0060   0.0000  -0.0010  -0.0319    0.242
    97  -0.2315   1.1519   0.0750  -0.1553   0.0425  -0.1351  -0.1347  -0.0062   0.0000  -0.0014  -0.0321    0.240
    98  -0.3008   1.1382   0.0833  -0.1567   0.0427  -0.1380  -0.1376  -0.0064   0.0000  -0.0018  -0.0324    0.237
    99  -0.3777   1.1230   0.0903  -0.1587   0.0431  -0.1416  -0.1412  -0.0067   0.0000  -0.0024  -0.0328    0.233
   100  -0.4614   1.1064   0.0960  -0.1612   0.0435  -0.1460  -0.1456  -0.0071   0.0000  -0.0030  -0.0332    0.229
   101  -0.5511   1.0887   0.1004  -0.1641   0.0439  -0.1511  -0.1506  -0.0074   0.0000  -0.0038  -0.0337    0.225
   102  -0.6456   1.0700   0.1034  -0.1673   0.0445  -0.1566  -0.1561  -0.0079   0.0000  -0.0047  -0.0342    0.220
   103  -0.7441   1.0506   0.1050  -0.1704   0.0451  -0.1625  -0.1620  -0.0087   0.0000  -0.0057  -0.0347    0.215
   104  -0.8453   1.0306   0.1054  -0.1731   0.0456  -0.1683  -0.1678  -0.0093   0.0000  -0.0067  -0.0351    0.210
   105  -0.9482   1.0102   0.1044  -0.1752   0.0461  -0.1737  -0.1731  -0.0098   0.0000  -0.0078  -0.0353    0.205
   106  -1.0518   0.9898   0.1023  -0.1761   0.0464  -0.1782  -0.1777  -0.0104   0.0000  -0.0089  -0.0354    0.200
   107  -1.1547   0.9694   0.0991  -0.1756   0.0466  -0.1815  -0.1809  -0.0108   0.0000  -0.0100  -0.0351    0.195
   108  -1.2559   0.9494   0.0949  -0.1735   0.0466  -0.1830  -0.1824  -0.0112   0.0000  -0.0109  -0.0346    0.190
   109  -1.3544   0.9300   0.0899  -0.1695   0.0464  -0.1825  -0.1819  -0.0114   0.0000  -0.0118  -0.0336    0.185
   110  -1.4489   0.9113   0.0840  -0.1635   0.0462  -0.1797  -0.1792  -0.0116   0.0000  -0.0125  -0.0322    0.180
   111  -1.5386   0.8936   0.0776  -0.1556   0.0458  -0.1744  -0.1739  -0.0114   0.0000  -0.0131  -0.0303    0.175
   112  -1.6223   0.8770   0.0705  -0.1458   0.0454  -0.1664  -0.1659  -0.0109   0.0000  -0.0134  -0.0280    0.169
   113  -1.6992   0.8618   0.0631  -0.1341   0.0450  -0.1558  -0.1553  -0.0103   0.0000  -0.0134  -0.0253    0.164
   114  -1.7685   0.8481   0.0552  -0.1207   0.0446  -0.1425  -0.1421  -0.0095   0.0000  -0.0131  -0.0223    0.158
   115  -1.8311   0.8358   0.0499  -0.1055   0.0442  -0.1264  -0.1260  -0.0085   0.0000  -0.0124  -0.0190    0.151
   116  -1.8859   0.8249   0.0411  -0.0885   0.0438  -0.1075  -0.1071  -0.0072   0.0000  -0.0112  -0.0155    0.145
   117  -1.9304   0.8161   0.0321  -0.0702   0.0435  -0.0862  -0.0859  -0.0058   0.0000  -0.0095  -0.0120    0.140
   118  -1.9643   0.8094   0.0230  -0.0509   0.0433  -0.0630  -0.0628  -0.0042   0.0000  -0.0072  -0.0084    0.135
   119  -1.9871   0.8049   0.0138  -0.0308   0.0431  -0.0384  -0.0383  -0.0027   0.0000  -0.0046  -0.0050    0.131
   120  -1.9986   0.8027   0.0046  -0.0103   0.0430  -0.0129  -0.0128  -0.0011   0.0000  -0.0016  -0.0017    0.129

  Surface # 5     vertical_stabilizer                     
     # Chordwise = 10   # Spanwise = 30     First strip =121
     Surface area =    1.162981       Ave. chord =    0.785002
     CLsurf  =  -0.00000     Clsurf  =  -0.00000
     CYsurf  =  -0.00000     Cmsurf  =   0.00000
     CDsurf  =   0.00000     Cnsurf  =   0.00000
     CDisurf =   0.00000     CDvsurf =   0.00000

  Forces referred to Ssurf, Cave about hinge axis thru LE
     CLsurf  =   0.00000     CDsurf  =   0.00000
     Deflect =

 Strip Forces referred to Strip Area, Chord
    j      Yle    Chord     Area     c cl      ai      cl_norm  cl       cd       cdv    cm_c/4    cm_LE  C.P.x/c
   121   0.0000   1.0573   0.0140   0.0000  -0.0000   0.0000   0.0000   0.0000   0.0000  -0.0000  -0.0000    0.338
   122   0.0000   1.0509   0.0227   0.0000  -0.0000   0.0000   0.0000   0.0000   0.0000  -0.0000  -0.0000    0.311
   123   0.0000   1.0413   0.0311   0.0000  -0.0000   0.0000   0.0000   0.0000   0.0000  -0.0000  -0.0000    0.295
   124   0.0000   1.0287   0.0389   0.0000  -0.0000   0.0000   0.0000   0.0000   0.0000  -0.0000  -0.0000    0.269
   125   0.0000   1.0133   0.0461   0.0000  -0.0000   0.0000   0.0000   0.0000   0.0000  -0.0000  -0.0000    0.258
   126   0.0000   0.9966   0.0440   0.0000  -0.0000   0.0000   0.0000   0.0000   0.0000   0.0000  -0.0000    0.246
   127   0.0000   0.9792   0.0488   0.0000  -0.0000   0.0000   0.0000   0.0000   0.0000   0.0000  -0.0000    0.246
   128   0.0000   0.9597   0.0527   0.0000  -0.0000   0.0000   0.0000   0.0000   0.0000   0.0000  -0.0000    0.216
   129   0.0000   0.9385   0.0559   0.0000  -0.0000   0.0000   0.0000   0.0000   0.0000   0.0000  -0.0000    0.227
   130   0.0000   0.9157   0.0582   0.0000  -0.0000   0.0000   0.0000  -0.0000   0.0000   0.0000  -0.0000    0.231
   131   0.0000   0.8915   0.0596   0.0000   0.0000   0.0000   0.0000  -0.0000   0.0000   0.0000  -0.0000    0.233
   132   0.0000   0.8662   0.0602   0.0000   0.0000   0.0000   0.0000  -0.0000   0.0000   0.0000  -0.0000    0.215
   133   0.0000   0.8401   0.0601   0.0000   0.0000   0.0000   0.0000   0.0000   0.0000   0.0000  -0.0000    0.213
   134   0.0000   0.8133   0.0592   0.0000   0.0000   0.0000   0.0000  -0.0000   0.0000   0.0000  -0.0000    0.248
   135   0.0000   0.7863   0.0576   0.0000   0.0000   0.0000   0.0000  -0.0000   0.0000  -0.0000  -0.0000    0.256
   136   0.0000   0.7592   0.0554   0.0000   0.0000   0.0000   0.0000   0.0000   0.0000   0.0000  -0.0000    0.239
   137   0.0000   0.7323   0.0527   0.0000   0.0000   0.0000   0.0000  -0.0000   0.0000  -0.0000  -0.0000    0.269
   138   0.0000   0.7060   0.0495   0.0000   0.0000   0.0000   0.0000   0.0000   0.0000  -0.0000  -0.0000    0.284
   139   0.0000   0.6804   0.0460   0.0000   0.0000   0.0000   0.0000   0.0000   0.0000  -0.0000  -0.0000    0.273
   140   0.0000   0.6560   0.0422   0.0000   0.0000   0.0000   0.0000   0.0000   0.0000  -0.0000  -0.0000    0.305
   141   0.0000   0.6328   0.0383   0.0000  -0.0000   0.0000   0.0000   0.0000   0.0000  -0.0000  -0.0000    0.299
   142   0.0000   0.6112   0.0342   0.0000   0.0000   0.0000   0.0000  -0.0000   0.0000  -0.0000  -0.0000    0.329
   143   0.0000   0.5914   0.0301   0.0000  -0.0000   0.0000   0.0000   0.0000   0.0000  -0.0000  -0.0000    0.312
   144   0.0000   0.5736   0.0259   0.0000   0.0000   0.0000   0.0000   0.0000   0.0000  -0.0000  -0.0000    0.457
   145   0.0000   0.5570   0.0246   0.0000   0.0000   0.0000   0.0000  -0.0000   0.0000  -0.0000  -0.0000    0.503
   146   0.0000   0.5419   0.0200   0.0000  -0.0000   0.0000   0.0000  -0.0000   0.0000  -0.0000  -0.0000    0.651
   147   0.0000   0.5297   0.0154   0.0000   0.0000   0.0000   0.0000  -0.0000   0.0000  -0.0000  -0.0000    0.968
   148   0.0000   0.5204   0.0109   0.0000   0.0000   0.0000   0.0000  -0.0000   0.0000  -0.0000  -0.0000    1.146
   149   0.0000   0.5141   0.0065   0.0000  -0.0000   0.0000   0.0000  -0.0000   0.0000  -0.0000  -0.0000
   150   0.0000   0.5110   0.0022  -0.0000   0.0000  -0.0000  -0.0000  -0.0000   0.0000  -0.0000  -0.0000
 ---------------------------------------------------------------
