 ---------------------------------------------------------------
 Surface and Strip Forces by surface

  Forces referred to Sref, Cref, Bref about Xref, Yref, Zref
 Standard axis orientation,  X fwd, Z down         

  Surface # 1     main_wing                               
     # Chordwise = 10   # Spanwise = 30     First strip =  1
     Surface area =    8.662745       Ave. chord =    1.689678
     CLsurf  =   0.29258     Clsurf  =  -0.06506
     CYsurf  =  -0.03838     Cmsurf  =  -0.05895
     CDsurf  =   0.00955     Cnsurf  =   0.00160
     CDisurf =   0.00955     CDvsurf =   0.00000

  Forces referred to Ssurf, Cave about hinge axis thru LE
     CLsurf  =   0.58513     CDsurf  =   0.01894
     Deflect =

 Strip Forces referred to Strip Area, Chord
    j      Yle    Chord     Area     c cl      ai      cl_norm  cl       cd       cdv    cm_c/4    cm_LE  C.P.x/c
     1   0.0034   2.1937   0.0299   1.1384  -0.0547   0.5193   0.5193  -0.0005   0.0000  -0.0600  -0.1895    0.366
     2   0.0304   2.1884   0.0891   0.9846  -0.0519   0.4500   0.4500   0.0053   0.0000  -0.0535  -0.1658    0.369
     3   0.0840   2.1777   0.1468   0.9775  -0.0449   0.4490   0.4490   0.0046   0.0000  -0.0546  -0.1666    0.372
     4   0.1638   2.1619   0.2017   0.9857  -0.0338   0.4561   0.4560   0.0045   0.0000  -0.0584  -0.1722    0.378
     5   0.2688   2.1410   0.2531   1.0028  -0.0189   0.4686   0.4685   0.0038   0.0000  -0.0651  -0.1821    0.389
     6   0.3979   2.1154   0.3000   1.0346  -0.0007   0.4892   0.4891   0.0064   0.0000  -0.0756  -0.1976    0.404
     7   0.5496   2.0852   0.3417   1.0757   0.0208   0.5159   0.5159   0.0082   0.0000  -0.0895  -0.2182    0.423
     8   0.7223   2.0509   0.3776   1.1196   0.0456   0.5459   0.5459   0.0110   0.0000  -0.1061  -0.2423    0.444
     9   0.9142   2.0128   0.4073   1.1686   0.0744   0.5804   0.5804   0.0153   0.0000  -0.1243  -0.2692    0.464
    10   1.1285   1.9703   0.4526   1.2001   0.0859   0.6088   0.6088   0.0184   0.0000  -0.1384  -0.2903    0.477
    11   1.3637   1.9236   0.4694   1.2102   0.0779   0.6288   0.6288   0.0209   0.0000  -0.1458  -0.3028    0.482
    12   1.6118   1.8743   0.4793   1.2051   0.0726   0.6426   0.6426   0.0216   0.0000  -0.1500  -0.3104    0.483
    13   1.8700   1.8230   0.4823   1.1889   0.0705   0.6518   0.6518   0.0224   0.0000  -0.1525  -0.3152    0.484
    14   2.1357   1.7703   0.4789   1.1660   0.0708   0.6583   0.6582   0.0229   0.0000  -0.1539  -0.3182    0.484
    15   2.4057   1.7167   0.4695   1.1386   0.0704   0.6629   0.6629   0.0228   0.0000  -0.1548  -0.3203    0.484
    16   2.6723   1.6637   0.4384   1.1060   0.0692   0.6644   0.6644   0.0226   0.0000  -0.1552  -0.3210    0.484
    17   2.9325   1.6120   0.4201   1.0679   0.0682   0.6621   0.6621   0.0232   0.0000  -0.1551  -0.3203    0.484
    18   3.1884   1.5612   0.3979   1.0280   0.0680   0.6581   0.6581   0.0230   0.0000  -0.1549  -0.3191    0.485
    19   3.4372   1.5118   0.3724   0.9829   0.0688   0.6498   0.6497   0.0230   0.0000  -0.1541  -0.3163    0.487
    20   3.6775   1.4641   0.3480   0.9333   0.0706   0.6371   0.6370   0.0238   0.0000  -0.1530  -0.3120    0.490
    21   3.9066   1.4186   0.3174   0.8789   0.0736   0.6191   0.6191   0.0245   0.0000  -0.1512  -0.3058    0.494
    22   4.1206   1.3761   0.2853   0.8197   0.0779   0.5952   0.5952   0.0250   0.0000  -0.1487  -0.2973    0.500
    23   4.3172   1.3370   0.2522   0.7564   0.0836   0.5653   0.5652   0.0248   0.0000  -0.1450  -0.2861    0.507
    24   4.4942   1.3019   0.2186   0.6856   0.0909   0.5261   0.5261   0.0250   0.0000  -0.1395  -0.2709    0.515
    25   4.6536   1.2702   0.1944   0.6076   0.1001   0.4779   0.4778   0.0241   0.0000  -0.1316  -0.2509    0.525
    26   4.7929   1.2426   0.1585   0.5181   0.1111   0.4164   0.4164   0.0226   0.0000  -0.1197  -0.2237    0.537
    27   4.9062   1.2201   0.1229   0.4190   0.1236   0.3430   0.3430   0.0197   0.0000  -0.1030  -0.1886    0.550
    28   4.9923   1.2030   0.0875   0.3096   0.1369   0.2570   0.2569   0.0157   0.0000  -0.0805  -0.1446    0.563
    29   5.0502   1.1915   0.0524   0.1908   0.1499   0.1599   0.1599   0.0105   0.0000  -0.0519  -0.0918    0.574
    30   5.0794   1.1857   0.0174   0.0647   0.1591   0.0544   0.0544   0.0039   0.0000  -0.0180  -0.0316    0.581

  Surface # 2     main_wing (YDUP)                        
     # Chordwise = 10   # Spanwise = 30     First strip = 31
     Surface area =    8.662745       Ave. chord =    1.689678
     CLsurf  =   0.29258     Clsurf  =   0.06506
     CYsurf  =   0.03838     Cmsurf  =  -0.05895
     CDsurf  =   0.00955     Cnsurf  =  -0.00160
     CDisurf =   0.00955     CDvsurf =   0.00000

  Forces referred to Ssurf, Cave about hinge axis thru LE
     CLsurf  =   0.58513     CDsurf  =   0.01894
     Deflect =

 Strip Forces referred to Strip Area, Chord
    j      Yle    Chord     Area     c cl      ai      cl_norm  cl       cd       cdv    cm_c/4    cm_LE  C.P.x/c
    31  -0.0034   2.1937   0.0299   1.1384  -0.0547   0.5193   0.5193  -0.0005   0.0000  -0.0600   0.1895    0.366
    32  -0.0304   2.1884   0.0891   0.9846  -0.0519   0.4500   0.4500   0.0053   0.0000  -0.0535   0.1658    0.369
    33  -0.0840   2.1777   0.1468   0.9775  -0.0449   0.4490   0.4490   0.0046   0.0000  -0.0546   0.1666    0.372
    34  -0.1638   2.1619   0.2017   0.9857  -0.0338   0.4561   0.4560   0.0045   0.0000  -0.0584   0.1722    0.378
    35  -0.2688   2.1410   0.2531   1.0028  -0.0189   0.4686   0.4685   0.0038   0.0000  -0.0651   0.1821    0.389
    36  -0.3979   2.1154   0.3000   1.0346  -0.0007   0.4892   0.4891   0.0064   0.0000  -0.0756   0.1976    0.404
    37  -0.5496   2.0852   0.3417   1.0757   0.0208   0.5159   0.5159   0.0082   0.0000  -0.0895   0.2182    0.423
    38  -0.7223   2.0509   0.3776   1.1196   0.0456   0.5459   0.5459   0.0110   0.0000  -0.1061   0.2423    0.444
    39  -0.9142   2.0128   0.4073   1.1686   0.0744   0.5804   0.5804   0.0153   0.0000  -0.1243   0.2692    0.464
    40  -1.1285   1.9703   0.4526   1.2001   0.0859   0.6088   0.6088   0.0184   0.0000  -0.1384   0.2903    0.477
    41  -1.3637   1.9236   0.4694   1.2102   0.0779   0.6288   0.6288   0.0209   0.0000  -0.1458   0.3028    0.482
    42  -1.6118   1.8743   0.4793   1.2051   0.0726   0.6426   0.6426   0.0216   0.0000  -0.1500   0.3104    0.483
    43  -1.8700   1.8230   0.4823   1.1889   0.0705   0.6518   0.6518   0.0224   0.0000  -0.1525   0.3152    0.484
    44  -2.1357   1.7703   0.4789   1.1660   0.0708   0.6583   0.6582   0.0229   0.0000  -0.1539   0.3182    0.484
    45  -2.4057   1.7167   0.4695   1.1386   0.0704   0.6629   0.6629   0.0228   0.0000  -0.1548   0.3203    0.484
    46  -2.6723   1.6637   0.4384   1.1060   0.0692   0.6644   0.6644   0.0226   0.0000  -0.1552   0.3210    0.484
    47  -2.9325   1.6120   0.4201   1.0679   0.0682   0.6621   0.6621   0.0232   0.0000  -0.1551   0.3203    0.484
    48  -3.1884   1.5612   0.3979   1.0280   0.0680   0.6581   0.6581   0.0230   0.0000  -0.1549   0.3191    0.485
    49  -3.4372   1.5118   0.3724   0.9829   0.0688   0.6498   0.6497   0.0230   0.0000  -0.1541   0.3163    0.487
    50  -3.6775   1.4641   0.3480   0.9333   0.0706   0.6371   0.6370   0.0238   0.0000  -0.1530   0.3120    0.490
    51  -3.9066   1.4186   0.3174   0.8789   0.0736   0.6191   0.6191   0.0245   0.0000  -0.1512   0.3058    0.494
    52  -4.1206   1.3761   0.2853   0.8197   0.0779   0.5952   0.5952   0.0250   0.0000  -0.1487   0.2973    0.500
    53  -4.3172   1.3370   0.2522   0.7564   0.0836   0.5653   0.5652   0.0248   0.0000  -0.1450   0.2861    0.507
    54  -4.4942   1.3019   0.2186   0.6856   0.0909   0.5261   0.5261   0.0250   0.0000  -0.1395   0.2709    0.515
    55  -4.6536   1.2702   0.1944   0.6076   0.1001   0.4779   0.4778   0.0241   0.0000  -0.1316   0.2509    0.525
    56  -4.7929   1.2426   0.1585   0.5181   0.1111   0.4164   0.4164   0.0226   0.0000  -0.1197   0.2237    0.537
    57  -4.9062   1.2201   0.1229   0.4190   0.1236   0.3430   0.3430   0.0197   0.0000  -0.1030   0.1886    0.550
    58  -4.9923   1.2030   0.0875   0.3096   0.1369   0.2570   0.2569   0.0157   0.0000  -0.0805   0.1446    0.563
    59  -5.0502   1.1915   0.0524   0.1908   0.1499   0.1599   0.1599   0.0105   0.0000  -0.0519   0.0918    0.574
    60  -5.0794   1.1857   0.0174   0.0647   0.1591   0.0544   0.0544   0.0039   0.0000  -0.0180   0.0316    0.581

  Surface # 3     horizontal_stabilizer                   
     # Chordwise = 10   # Spanwise = 30     First strip = 61
     Surface area =    2.000000       Ave. chord =    1.000000
     CLsurf  =  -0.00474     Clsurf  =   0.00053
     CYsurf  =   0.00003     Cmsurf  =   0.01261
     CDsurf  =  -0.00022     Cnsurf  =  -0.00002
     CDisurf =  -0.00022     CDvsurf =   0.00000

  Forces referred to Ssurf, Cave about hinge axis thru LE
     CLsurf  =  -0.04074     CDsurf  =  -0.00192
     Deflect =

 Strip Forces referred to Strip Area, Chord
    j      Yle    Chord     Area     c cl      ai      cl_norm  cl       cd       cdv    cm_c/4    cm_LE  C.P.x/c
    61   0.0014   1.1973   0.0069  -0.0180   0.0327  -0.0151  -0.0151  -0.0005   0.0000   0.0005   0.0042    0.281
    62   0.0129   1.1951   0.0205  -0.0181   0.0327  -0.0151  -0.0151  -0.0005   0.0000   0.0005   0.0042    0.281
    63   0.0357   1.1906   0.0338  -0.0181   0.0327  -0.0152  -0.0152  -0.0006   0.0000   0.0005   0.0042    0.280
    64   0.0696   1.1839   0.0465  -0.0183   0.0328  -0.0155  -0.0154  -0.0006   0.0000   0.0004   0.0043    0.278
    65   0.1141   1.1751   0.0585  -0.0187   0.0328  -0.0159  -0.0159  -0.0006   0.0000   0.0004   0.0043    0.275
    66   0.1689   1.1642   0.0695  -0.0194   0.0330  -0.0167  -0.0167  -0.0006   0.0000   0.0003   0.0045    0.270
    67   0.2315   1.1519   0.0750  -0.0206   0.0332  -0.0179  -0.0179  -0.0007   0.0000   0.0002   0.0047    0.264
    68   0.3008   1.1382   0.0833  -0.0224   0.0335  -0.0197  -0.0196  -0.0007   0.0000   0.0001   0.0050    0.256
    69   0.3777   1.1230   0.0903  -0.0247   0.0339  -0.0221  -0.0220  -0.0008   0.0000  -0.0001   0.0054    0.247
    70   0.4614   1.1064   0.0960  -0.0277   0.0344  -0.0251  -0.0251  -0.0010   0.0000  -0.0003   0.0059    0.238
    71   0.5511   1.0887   0.1004  -0.0314   0.0350  -0.0289  -0.0288  -0.0011   0.0000  -0.0006   0.0066    0.230
    72   0.6456   1.0700   0.1034  -0.0355   0.0357  -0.0333  -0.0332  -0.0014   0.0000  -0.0009   0.0074    0.223
    73   0.7441   1.0506   0.1050  -0.0399   0.0365  -0.0381  -0.0380  -0.0016   0.0000  -0.0012   0.0082    0.217
    74   0.8453   1.0306   0.1054  -0.0444   0.0372  -0.0432  -0.0431  -0.0019   0.0000  -0.0016   0.0091    0.212
    75   0.9482   1.0102   0.1044  -0.0487   0.0379  -0.0483  -0.0481  -0.0022   0.0000  -0.0020   0.0100    0.208
    76   1.0518   0.9898   0.1023  -0.0525   0.0385  -0.0531  -0.0530  -0.0025   0.0000  -0.0024   0.0108    0.205
    77   1.1547   0.9694   0.0991  -0.0555   0.0388  -0.0574  -0.0572  -0.0028   0.0000  -0.0027   0.0115    0.202
    78   1.2559   0.9494   0.0949  -0.0577   0.0390  -0.0609  -0.0607  -0.0030   0.0000  -0.0031   0.0121    0.200
    79   1.3544   0.9300   0.0899  -0.0588   0.0391  -0.0633  -0.0631  -0.0032   0.0000  -0.0034   0.0124    0.197
    80   1.4489   0.9113   0.0840  -0.0587   0.0389  -0.0646  -0.0644  -0.0033   0.0000  -0.0037   0.0124    0.193
    81   1.5386   0.8936   0.0776  -0.0576   0.0387  -0.0645  -0.0643  -0.0033   0.0000  -0.0039   0.0121    0.189
    82   1.6223   0.8770   0.0705  -0.0553   0.0384  -0.0631  -0.0629  -0.0033   0.0000  -0.0041   0.0116    0.184
    83   1.6992   0.8618   0.0631  -0.0519   0.0380  -0.0603  -0.0601  -0.0032   0.0000  -0.0043   0.0107    0.179
    84   1.7685   0.8481   0.0552  -0.0475   0.0377  -0.0562  -0.0560  -0.0030   0.0000  -0.0043   0.0096    0.172
    85   1.8311   0.8358   0.0499  -0.0422   0.0373  -0.0506  -0.0504  -0.0027   0.0000  -0.0043   0.0083    0.165
    86   1.8859   0.8249   0.0411  -0.0358   0.0369  -0.0435  -0.0434  -0.0023   0.0000  -0.0040   0.0068    0.157
    87   1.9304   0.8161   0.0321  -0.0287   0.0366  -0.0352  -0.0351  -0.0018   0.0000  -0.0036   0.0052    0.148
    88   1.9643   0.8094   0.0230  -0.0209   0.0364  -0.0259  -0.0258  -0.0013   0.0000  -0.0028   0.0036    0.141
    89   1.9871   0.8049   0.0138  -0.0127   0.0362  -0.0159  -0.0158  -0.0008   0.0000  -0.0018   0.0021    0.134
    90   1.9986   0.8027   0.0046  -0.0043   0.0361  -0.0053  -0.0053  -0.0003   0.0000  -0.0006   0.0007    0.131

  Surface # 4     horizontal_stabilizer (YDUP)            
     # Chordwise = 10   # Spanwise = 30     First strip = 91
     Surface area =    2.000000       Ave. chord =    1.000000
     CLsurf  =  -0.00474     Clsurf  =  -0.00053
     CYsurf  =  -0.00003     Cmsurf  =   0.01261
     CDsurf  =  -0.00022     Cnsurf  =   0.00002
     CDisurf =  -0.00022     CDvsurf =   0.00000

  Forces referred to Ssurf, Cave about hinge axis thru LE
     CLsurf  =  -0.04074     CDsurf  =  -0.00192
     Deflect =

 Strip Forces referred to Strip Area, Chord
    j      Yle    Chord     Area     c cl      ai      cl_norm  cl       cd       cdv    cm_c/4    cm_LE  C.P.x/c
    91  -0.0014   1.1973   0.0069  -0.0180   0.0327  -0.0151  -0.0151  -0.0005   0.0000   0.0005  -0.0042    0.281
    92  -0.0129   1.1951   0.0205  -0.0181   0.0327  -0.0151  -0.0151  -0.0005   0.0000   0.0005  -0.0042    0.281
    93  -0.0357   1.1906   0.0338  -0.0181   0.0327  -0.0152  -0.0152  -0.0006   0.0000   0.0005  -0.0042    0.280
    94  -0.0696   1.1839   0.0465  -0.0183   0.0328  -0.0155  -0.0154  -0.0006   0.0000   0.0004  -0.0043    0.278
    95  -0.1141   1.1751   0.0585  -0.0187   0.0328  -0.0159  -0.0159  -0.0006   0.0000   0.0004  -0.0043    0.275
    96  -0.1689   1.1642   0.0695  -0.0194   0.0330  -0.0167  -0.0167  -0.0006   0.0000   0.0003  -0.0045    0.270
    97  -0.2315   1.1519   0.0750  -0.0206   0.0332  -0.0179  -0.0179  -0.0007   0.0000   0.0002  -0.0047    0.264
    98  -0.3008   1.1382   0.0833  -0.0224   0.0335  -0.0197  -0.0196  -0.0007   0.0000   0.0001  -0.0050    0.256
    99  -0.3777   1.1230   0.0903  -0.0247   0.0339  -0.0221  -0.0220  -0.0008   0.0000  -0.0001  -0.0054    0.247
   100  -0.4614   1.1064   0.0960  -0.0277   0.0344  -0.0251  -0.0251  -0.0010   0.0000  -0.0003  -0.0059    0.238
   101  -0.5511   1.0887   0.1004  -0.0314   0.0350  -0.0289  -0.0288  -0.0011   0.0000  -0.0006  -0.0066    0.230
   102  -0.6456   1.0700   0.1034  -0.0355   0.0357  -0.0333  -0.0332  -0.0014   0.0000  -0.0009  -0.0074    0.223
   103  -0.7441   1.0506   0.1050  -0.0399   0.0365  -0.0381  -0.0380  -0.0016   0.0000  -0.0012  -0.0082    0.217
   104  -0.8453   1.0306   0.1054  -0.0444   0.0372  -0.0432  -0.0431  -0.0019   0.0000  -0.0016  -0.0091    0.212
   105  -0.9482   1.0102   0.1044  -0.0487   0.0379  -0.0483  -0.0481  -0.0022   0.0000  -0.0020  -0.0100    0.208
   106  -1.0518   0.9898   0.1023  -0.0525   0.0385  -0.0531  -0.0530  -0.0025   0.0000  -0.0024  -0.0108    0.205
   107  -1.1547   0.9694   0.0991  -0.0555   0.0388  -0.0574  -0.0572  -0.0028   0.0000  -0.0027  -0.0115    0.202
   108  -1.2559   0.9494   0.0949  -0.0577   0.0390  -0.0609  -0.0607  -0.0030   0.0000  -0.0031  -0.0121    0.200
   109  -1.3544   0.9300   0.0899  -0.0588   0.0391  -0.0633  -0.0631  -0.0032   0.0000  -0.0034  -0.0124    0.197
   110  -1.4489   0.9113   0.0840  -0.0587   0.0389  -0.0646  -0.0644  -0.0033   0.0000  -0.0037  -0.0124    0.193
   111  -1.5386   0.8936   0.0776  -0.0576   0.0387  -0.0645  -0.0643  -0.0033   0.0000  -0.0039  -0.0121    0.189
   112  -1.6223   0.8770   0.0705  -0.0553   0.0384  -0.0631  -0.0629  -0.0033   0.0000  -0.0041  -0.0116    0.184
   113  -1.6992   0.8618   0.0631  -0.0519   0.0380  -0.0603  -0.0601  -0.0032   0.0000  -0.0043  -0.0107    0.179
   114  -1.7685   0.8481   0.0552  -0.0475   0.0377  -0.0562  -0.0560  -0.0030   0.0000  -0.0043  -0.0096    0.172
   115  -1.8311   0.8358   0.0499  -0.0422   0.0373  -0.0506  -0.0504  -0.0027   0.0000  -0.0043  -0.0083    0.165
   116  -1.8859   0.8249   0.0411  -0.0358   0.0369  -0.0435  -0.0434  -0.0023   0.0000  -0.0040  -0.0068    0.157
   117  -1.9304   0.8161   0.0321  -0.0287   0.0366  -0.0352  -0.0351  -0.0018   0.0000  -0.0036  -0.0052    0.148
   118  -1.9643   0.8094   0.0230  -0.0209   0.0364  -0.0259  -0.0258  -0.0013   0.0000  -0.0028  -0.0036    0.141
   119  -1.9871   0.8049   0.0138  -0.0127   0.0362  -0.0159  -0.0158  -0.0008   0.0000  -0.0018  -0.0021    0.134
   120  -1.9986   0.8027   0.0046  -0.0043   0.0361  -0.0053  -0.0053  -0.0003   0.0000  -0.0006  -0.0007    0.131

  Surface # 5     vertical_stabilizer                     
     # Chordwise = 10   # Spanwise = 30     First strip =121
     Surface area =    1.162981       Ave. chord =    0.785002
     CLsurf  =   0.00000     Clsurf  =   0.00000
     CYsurf  =   0.00000     Cmsurf  =  -0.00000
     CDsurf  =  -0.00000     Cnsurf  =  -0.00000
     CDisurf =  -0.00000     CDvsurf =   0.00000

  Forces referred to Ssurf, Cave about hinge axis thru LE
     CLsurf  =  -0.00000     CDsurf  =  -0.00000
     Deflect =

 Strip Forces referred to Strip Area, Chord
    j      Yle    Chord     Area     c cl      ai      cl_norm  cl       cd       cdv    cm_c/4    cm_LE  C.P.x/c
   121   0.0000   1.0573   0.0140  -0.0000   0.0000  -0.0000  -0.0000  -0.0000   0.0000  -0.0000   0.0000    0.136
   122   0.0000   1.0509   0.0227  -0.0000   0.0000  -0.0000  -0.0000   0.0000   0.0000  -0.0000   0.0000    0.187
   123   0.0000   1.0413   0.0311  -0.0000  -0.0000  -0.0000  -0.0000   0.0000   0.0000  -0.0000   0.0000    0.193
   124   0.0000   1.0287   0.0389  -0.0000  -0.0000  -0.0000  -0.0000  -0.0000   0.0000  -0.0000   0.0000    0.180
   125   0.0000   1.0133   0.0461  -0.0000  -0.0000  -0.0000  -0.0000  -0.0000   0.0000  -0.0000   0.0000    0.191
   126   0.0000   0.9966   0.0440  -0.0000   0.0000  -0.0000  -0.0000  -0.0000   0.0000  -0.0000   0.0000    0.199
   127   0.0000   0.9792   0.0488  -0.0000   0.0000  -0.0000  -0.0000  -0.0000   0.0000  -0.0000   0.0000    0.217
   128   0.0000   0.9597   0.0527  -0.0000   0.0000  -0.0000  -0.0000  -0.0000   0.0000  -0.0000   0.0000    0.218
   129   0.0000   0.9385   0.0559  -0.0000  -0.0000  -0.0000  -0.0000  -0.0000   0.0000  -0.0000   0.0000    0.227
   130   0.0000   0.9157   0.0582  -0.0000   0.0000  -0.0000  -0.0000  -0.0000   0.0000  -0.0000   0.0000    0.227
   131   0.0000   0.8915   0.0596  -0.0000   0.0000  -0.0000  -0.0000  -0.0000   0.0000  -0.0000   0.0000    0.231
   132   0.0000   0.8662   0.0602  -0.0000  -0.0000  -0.0000  -0.0000  -0.0000   0.0000  -0.0000   0.0000    0.240
   133   0.0000   0.8401   0.0601  -0.0000   0.0000  -0.0000  -0.0000  -0.0000   0.0000  -0.0000   0.0000    0.224
   134   0.0000   0.8133   0.0592  -0.0000   0.0000  -0.0000  -0.0000  -0.0000   0.0000  -0.0000   0.0000    0.228
   135   0.0000   0.7863   0.0576  -0.0000   0.0000  -0.0000  -0.0000  -0.0000   0.0000  -0.0000   0.0000    0.238
   136   0.0000   0.7592   0.0554  -0.0000   0.0000  -0.0000  -0.0000  -0.0000   0.0000  -0.0000   0.0000    0.241
   137   0.0000   0.7323   0.0527  -0.0000  -0.0000  -0.0000  -0.0000  -0.0000   0.0000  -0.0000   0.0000    0.239
   138   0.0000   0.7060   0.0495  -0.0000   0.0000  -0.0000  -0.0000  -0.0000   0.0000  -0.0000   0.0000    0.228
   139   0.0000   0.6804   0.0460  -0.0000   0.0000  -0.0000  -0.0000  -0.0000   0.0000  -0.0000   0.0000    0.228
   140   0.0000   0.6560   0.0422  -0.0000   0.0000  -0.0000  -0.0000  -0.0000   0.0000  -0.0000   0.0000    0.223
   141   0.0000   0.6328   0.0383  -0.0000  -0.0000  -0.0000  -0.0000  -0.0000   0.0000  -0.0000   0.0000    0.217
   142   0.0000   0.6112   0.0342  -0.0000   0.0000  -0.0000  -0.0000  -0.0000   0.0000  -0.0000   0.0000    0.209
   143   0.0000   0.5914   0.0301  -0.0000   0.0000  -0.0000  -0.0000  -0.0000   0.0000  -0.0000   0.0000    0.206
   144   0.0000   0.5736   0.0259  -0.0000   0.0000  -0.0000  -0.0000  -0.0000   0.0000  -0.0000   0.0000    0.195
   145   0.0000   0.5570   0.0246  -0.0000   0.0000  -0.0000  -0.0000  -0.0000   0.0000  -0.0000   0.0000    0.187
   146   0.0000   0.5419   0.0200  -0.0000   0.0000  -0.0000  -0.0000  -0.0000   0.0000  -0.0000   0.0000    0.182
   147   0.0000   0.5297   0.0154  -0.0000   0.0000  -0.0000  -0.0000  -0.0000   0.0000  -0.0000   0.0000    0.164
   148   0.0000   0.5204   0.0109  -0.0000  -0.0000  -0.0000  -0.0000  -0.0000   0.0000  -0.0000   0.0000    0.156
   149   0.0000   0.5141   0.0065  -0.0000   0.0000  -0.0000  -0.0000  -0.0000   0.0000  -0.0000   0.0000    0.140
   150   0.0000   0.5110   0.0022  -0.0000   0.0000  -0.0000  -0.0000  -0.0000   0.0000  -0.0000   0.0000    0.144
 ---------------------------------------------------------------
