 ---------------------------------------------------------------
 Surface and Strip Forces by surface

  Forces referred to Sref, Cref, Bref about Xref, Yref, Zref
 Standard axis orientation,  X fwd, Z down         

  Surface # 1     main_wing                               
     # Chordwise = 10   # Spanwise = 30     First strip =  1
     Surface area =    8.662745       Ave. chord =    1.689678
     CLsurf  =   0.47913     Clsurf  =  -0.10315
     CYsurf  =  -0.06746     Cmsurf  =  -0.04912
     CDsurf  =   0.02490     Cnsurf  =  -0.00482
     CDisurf =   0.02490     CDvsurf =   0.00000

  Forces referred to Ssurf, Cave about hinge axis thru LE
     CLsurf  =   0.95939     CDsurf  =   0.04937
     Deflect =

 Strip Forces referred to Strip Area, Chord
    j      Yle    Chord     Area     c cl      ai      cl_norm  cl       cd       cdv    cm_c/4    cm_LE  C.P.x/c
     1   0.0034   2.1937   0.0299   2.3866   0.0106   1.0872   1.0868   0.0749   0.0000  -0.0502  -0.3222    0.296
     2   0.0304   2.1884   0.0891   1.8459   0.0126   0.8452   0.8449   0.0396   0.0000  -0.0498  -0.2607    0.309
     3   0.0840   2.1777   0.1468   1.8111   0.0188   0.8340   0.8337   0.0335   0.0000  -0.0512  -0.2593    0.311
     4   0.1638   2.1619   0.2017   1.8117   0.0291   0.8406   0.8403   0.0319   0.0000  -0.0551  -0.2648    0.316
     5   0.2688   2.1410   0.2531   1.8199   0.0431   0.8532   0.8529   0.0278   0.0000  -0.0624  -0.2750    0.323
     6   0.3979   2.1154   0.3000   1.8549   0.0604   0.8792   0.8788   0.0371   0.0000  -0.0722  -0.2915    0.332
     7   0.5496   2.0852   0.3417   1.8962   0.0809   0.9118   0.9114   0.0378   0.0000  -0.0860  -0.3134    0.344
     8   0.7223   2.0509   0.3776   1.9209   0.1044   0.9392   0.9389   0.0381   0.0000  -0.1023  -0.3365    0.359
     9   0.9142   2.0128   0.4073   1.9636   0.1317   0.9779   0.9775   0.0428   0.0000  -0.1198  -0.3637    0.373
    10   1.1285   1.9703   0.4526   1.9777   0.1413   1.0060   1.0056   0.0459   0.0000  -0.1347  -0.3856    0.384
    11   1.3637   1.9236   0.4694   1.9759   0.1305   1.0290   1.0286   0.0510   0.0000  -0.1421  -0.3989    0.388
    12   1.6118   1.8743   0.4793   1.9539   0.1203   1.0442   1.0438   0.0522   0.0000  -0.1460  -0.4066    0.390
    13   1.8700   1.8230   0.4823   1.9164   0.1098   1.0527   1.0523   0.0543   0.0000  -0.1484  -0.4112    0.391
    14   2.1357   1.7703   0.4789   1.8743   0.1004   1.0603   1.0599   0.0546   0.0000  -0.1498  -0.4145    0.391
    15   2.4057   1.7167   0.4695   1.8248   0.0955   1.0646   1.0642   0.0546   0.0000  -0.1505  -0.4162    0.391
    16   2.6723   1.6637   0.4384   1.7704   0.0945   1.0658   1.0654   0.0537   0.0000  -0.1508  -0.4168    0.392
    17   2.9325   1.6120   0.4201   1.7048   0.0951   1.0590   1.0586   0.0551   0.0000  -0.1503  -0.4147    0.392
    18   3.1884   1.5612   0.3979   1.6395   0.0969   1.0517   1.0513   0.0543   0.0000  -0.1498  -0.4123    0.393
    19   3.4372   1.5118   0.3724   1.5638   0.0997   1.0357   1.0353   0.0547   0.0000  -0.1486  -0.4072    0.394
    20   3.6775   1.4641   0.3480   1.4816   0.1037   1.0129   1.0126   0.0565   0.0000  -0.1469  -0.3999    0.395
    21   3.9066   1.4186   0.3174   1.3928   0.1090   0.9824   0.9821   0.0573   0.0000  -0.1445  -0.3899    0.397
    22   4.1206   1.3761   0.2853   1.2949   0.1160   0.9411   0.9408   0.0587   0.0000  -0.1411  -0.3763    0.400
    23   4.3172   1.3370   0.2522   1.1917   0.1246   0.8911   0.8908   0.0580   0.0000  -0.1365  -0.3592    0.403
    24   4.4942   1.3019   0.2186   1.0763   0.1350   0.8261   0.8258   0.0578   0.0000  -0.1300  -0.3366    0.407
    25   4.6536   1.2702   0.1944   0.9494   0.1474   0.7464   0.7461   0.0561   0.0000  -0.1212  -0.3080    0.412
    26   4.7929   1.2426   0.1585   0.8049   0.1617   0.6464   0.6462   0.0527   0.0000  -0.1089  -0.2707    0.418
    27   4.9062   1.2201   0.1229   0.6478   0.1771   0.5295   0.5293   0.0457   0.0000  -0.0925  -0.2252    0.425
    28   4.9923   1.2030   0.0875   0.4757   0.1930   0.3941   0.3940   0.0362   0.0000  -0.0714  -0.1702    0.431
    29   5.0502   1.1915   0.0524   0.2918   0.2081   0.2440   0.2439   0.0235   0.0000  -0.0456  -0.1068    0.437
    30   5.0794   1.1857   0.0174   0.0987   0.2185   0.0828   0.0828   0.0083   0.0000  -0.0158  -0.0366    0.441

  Surface # 2     main_wing (YDUP)                        
     # Chordwise = 10   # Spanwise = 30     First strip = 31
     Surface area =    8.662745       Ave. chord =    1.689678
     CLsurf  =   0.47913     Clsurf  =   0.10315
     CYsurf  =   0.06746     Cmsurf  =  -0.04912
     CDsurf  =   0.02490     Cnsurf  =   0.00482
     CDisurf =   0.02490     CDvsurf =   0.00000

  Forces referred to Ssurf, Cave about hinge axis thru LE
     CLsurf  =   0.95939     CDsurf  =   0.04937
     Deflect =

 Strip Forces referred to Strip Area, Chord
    j      Yle    Chord     Area     c cl      ai      cl_norm  cl       cd       cdv    cm_c/4    cm_LE  C.P.x/c
    31  -0.0034   2.1937   0.0299   2.3866   0.0106   1.0872   1.0868   0.0749   0.0000  -0.0502   0.3222    0.296
    32  -0.0304   2.1884   0.0891   1.8459   0.0126   0.8452   0.8449   0.0396   0.0000  -0.0498   0.2607    0.309
    33  -0.0840   2.1777   0.1468   1.8111   0.0188   0.8340   0.8337   0.0335   0.0000  -0.0512   0.2593    0.311
    34  -0.1638   2.1619   0.2017   1.8117   0.0291   0.8406   0.8403   0.0319   0.0000  -0.0551   0.2648    0.316
    35  -0.2688   2.1410   0.2531   1.8199   0.0431   0.8532   0.8529   0.0278   0.0000  -0.0624   0.2750    0.323
    36  -0.3979   2.1154   0.3000   1.8549   0.0604   0.8792   0.8788   0.0371   0.0000  -0.0722   0.2915    0.332
    37  -0.5496   2.0852   0.3417   1.8962   0.0809   0.9118   0.9114   0.0378   0.0000  -0.0860   0.3134    0.344
    38  -0.7223   2.0509   0.3776   1.9209   0.1044   0.9392   0.9389   0.0381   0.0000  -0.1023   0.3365    0.359
    39  -0.9142   2.0128   0.4073   1.9636   0.1317   0.9779   0.9775   0.0428   0.0000  -0.1198   0.3637    0.373
    40  -1.1285   1.9703   0.4526   1.9777   0.1413   1.0060   1.0056   0.0459   0.0000  -0.1347   0.3856    0.384
    41  -1.3637   1.9236   0.4694   1.9759   0.1305   1.0290   1.0286   0.0510   0.0000  -0.1421   0.3989    0.388
    42  -1.6118   1.8743   0.4793   1.9539   0.1203   1.0442   1.0438   0.0522   0.0000  -0.1460   0.4066    0.390
    43  -1.8700   1.8230   0.4823   1.9164   0.1098   1.0527   1.0523   0.0543   0.0000  -0.1484   0.4112    0.391
    44  -2.1357   1.7703   0.4789   1.8743   0.1004   1.0603   1.0599   0.0546   0.0000  -0.1498   0.4145    0.391
    45  -2.4057   1.7167   0.4695   1.8248   0.0955   1.0646   1.0642   0.0546   0.0000  -0.1505   0.4162    0.391
    46  -2.6723   1.6637   0.4384   1.7704   0.0945   1.0658   1.0654   0.0537   0.0000  -0.1508   0.4168    0.392
    47  -2.9325   1.6120   0.4201   1.7048   0.0951   1.0590   1.0586   0.0551   0.0000  -0.1503   0.4147    0.392
    48  -3.1884   1.5612   0.3979   1.6395   0.0969   1.0517   1.0513   0.0543   0.0000  -0.1498   0.4123    0.393
    49  -3.4372   1.5118   0.3724   1.5638   0.0997   1.0357   1.0353   0.0547   0.0000  -0.1486   0.4072    0.394
    50  -3.6775   1.4641   0.3480   1.4816   0.1037   1.0129   1.0126   0.0565   0.0000  -0.1469   0.3999    0.395
    51  -3.9066   1.4186   0.3174   1.3928   0.1090   0.9824   0.9821   0.0573   0.0000  -0.1445   0.3899    0.397
    52  -4.1206   1.3761   0.2853   1.2949   0.1160   0.9411   0.9408   0.0587   0.0000  -0.1411   0.3763    0.400
    53  -4.3172   1.3370   0.2522   1.1917   0.1246   0.8911   0.8908   0.0580   0.0000  -0.1365   0.3592    0.403
    54  -4.4942   1.3019   0.2186   1.0763   0.1350   0.8261   0.8258   0.0578   0.0000  -0.1300   0.3366    0.407
    55  -4.6536   1.2702   0.1944   0.9494   0.1474   0.7464   0.7461   0.0561   0.0000  -0.1212   0.3080    0.412
    56  -4.7929   1.2426   0.1585   0.8049   0.1617   0.6464   0.6462   0.0527   0.0000  -0.1089   0.2707    0.418
    57  -4.9062   1.2201   0.1229   0.6478   0.1771   0.5295   0.5293   0.0457   0.0000  -0.0925   0.2252    0.425
    58  -4.9923   1.2030   0.0875   0.4757   0.1930   0.3941   0.3940   0.0362   0.0000  -0.0714   0.1702    0.431
    59  -5.0502   1.1915   0.0524   0.2918   0.2081   0.2440   0.2439   0.0235   0.0000  -0.0456   0.1068    0.437
    60  -5.0794   1.1857   0.0174   0.0987   0.2185   0.0828   0.0828   0.0083   0.0000  -0.0158   0.0366    0.441

  Surface # 3     horizontal_stabilizer                   
     # Chordwise = 10   # Spanwise = 30     First strip = 61
     Surface area =    2.000000       Ave. chord =    1.000000
     CLsurf  =   0.01687     Clsurf  =  -0.00131
     CYsurf  =  -0.00027     Cmsurf  =  -0.04528
     CDsurf  =   0.00162     Cnsurf  =   0.00010
     CDisurf =   0.00162     CDvsurf =   0.00000

  Forces referred to Ssurf, Cave about hinge axis thru LE
     CLsurf  =   0.14489     CDsurf  =   0.01390
     Deflect =

 Strip Forces referred to Strip Area, Chord
    j      Yle    Chord     Area     c cl      ai      cl_norm  cl       cd       cdv    cm_c/4    cm_LE  C.P.x/c
    61   0.0014   1.1973   0.0069   0.2173   0.1001   0.1801   0.1795   0.0274   0.0000   0.0010  -0.0441    0.244
    62   0.0129   1.1951   0.0205   0.2173   0.1000   0.1816   0.1811   0.0175   0.0000   0.0010  -0.0442    0.244
    63   0.0357   1.1906   0.0338   0.2172   0.0998   0.1823   0.1817   0.0169   0.0000   0.0011  -0.0443    0.244
    64   0.0696   1.1839   0.0465   0.2168   0.0995   0.1830   0.1825   0.0167   0.0000   0.0012  -0.0443    0.243
    65   0.1141   1.1751   0.0585   0.2161   0.0993   0.1838   0.1832   0.0167   0.0000   0.0014  -0.0444    0.243
    66   0.1689   1.1642   0.0695   0.2147   0.0992   0.1843   0.1837   0.0166   0.0000   0.0015  -0.0444    0.242
    67   0.2315   1.1519   0.0750   0.2125   0.0991   0.1844   0.1838   0.0166   0.0000   0.0015  -0.0443    0.242
    68   0.3008   1.1382   0.0833   0.2094   0.0990   0.1839   0.1834   0.0163   0.0000   0.0016  -0.0442    0.241
    69   0.3777   1.1230   0.0903   0.2052   0.0991   0.1827   0.1821   0.0166   0.0000   0.0015  -0.0439    0.242
    70   0.4614   1.1064   0.0960   0.1999   0.0992   0.1805   0.1800   0.0165   0.0000   0.0014  -0.0435    0.242
    71   0.5511   1.0887   0.1004   0.1933   0.0995   0.1774   0.1769   0.0165   0.0000   0.0012  -0.0429    0.243
    72   0.6456   1.0700   0.1034   0.1857   0.0999   0.1734   0.1729   0.0162   0.0000   0.0010  -0.0421    0.244
    73   0.7441   1.0506   0.1050   0.1771   0.1005   0.1684   0.1679   0.0156   0.0000   0.0008  -0.0411    0.245
    74   0.8453   1.0306   0.1054   0.1678   0.1011   0.1626   0.1621   0.0153   0.0000   0.0006  -0.0399    0.246
    75   0.9482   1.0102   0.1044   0.1579   0.1018   0.1561   0.1556   0.0150   0.0000   0.0004  -0.0385    0.247
    76   1.0518   0.9898   0.1023   0.1478   0.1024   0.1491   0.1486   0.0145   0.0000   0.0003  -0.0369    0.248
    77   1.1547   0.9694   0.0991   0.1376   0.1031   0.1417   0.1412   0.0141   0.0000   0.0002  -0.0351    0.249
    78   1.2559   0.9494   0.0949   0.1274   0.1037   0.1340   0.1336   0.0136   0.0000   0.0002  -0.0332    0.249
    79   1.3544   0.9300   0.0899   0.1174   0.1043   0.1260   0.1257   0.0127   0.0000   0.0002  -0.0312    0.248
    80   1.4489   0.9113   0.0840   0.1076   0.1049   0.1179   0.1175   0.0118   0.0000   0.0004  -0.0290    0.247
    81   1.5386   0.8936   0.0776   0.0979   0.1055   0.1094   0.1090   0.0114   0.0000   0.0006  -0.0267    0.245
    82   1.6223   0.8770   0.0705   0.0883   0.1061   0.1005   0.1002   0.0105   0.0000   0.0008  -0.0242    0.242
    83   1.6992   0.8618   0.0631   0.0788   0.1068   0.0912   0.0909   0.0096   0.0000   0.0011  -0.0216    0.238
    84   1.7685   0.8481   0.0552   0.0692   0.1075   0.0813   0.0811   0.0086   0.0000   0.0013  -0.0190    0.234
    85   1.8311   0.8358   0.0499   0.0593   0.1081   0.0707   0.0705   0.0075   0.0000   0.0015  -0.0161    0.228
    86   1.8859   0.8249   0.0411   0.0489   0.1088   0.0592   0.0590   0.0064   0.0000   0.0016  -0.0132    0.223
    87   1.9304   0.8161   0.0321   0.0384   0.1094   0.0469   0.0468   0.0051   0.0000   0.0015  -0.0102    0.217
    88   1.9643   0.8094   0.0230   0.0276   0.1100   0.0340   0.0339   0.0037   0.0000   0.0013  -0.0072    0.212
    89   1.9871   0.8049   0.0138   0.0167   0.1104   0.0206   0.0206   0.0023   0.0000   0.0009  -0.0043    0.208
    90   1.9986   0.8027   0.0046   0.0056   0.1107   0.0069   0.0069   0.0008   0.0000   0.0003  -0.0014    0.205

  Surface # 4     horizontal_stabilizer (YDUP)            
     # Chordwise = 10   # Spanwise = 30     First strip = 91
     Surface area =    2.000000       Ave. chord =    1.000000
     CLsurf  =   0.01687     Clsurf  =   0.00131
     CYsurf  =   0.00027     Cmsurf  =  -0.04528
     CDsurf  =   0.00162     Cnsurf  =  -0.00010
     CDisurf =   0.00162     CDvsurf =   0.00000

  Forces referred to Ssurf, Cave about hinge axis thru LE
     CLsurf  =   0.14489     CDsurf  =   0.01390
     Deflect =

 Strip Forces referred to Strip Area, Chord
    j      Yle    Chord     Area     c cl      ai      cl_norm  cl       cd       cdv    cm_c/4    cm_LE  C.P.x/c
    91  -0.0014   1.1973   0.0069   0.2173   0.1002   0.1801   0.1795   0.0274   0.0000   0.0010   0.0441    0.244
    92  -0.0129   1.1951   0.0205   0.2173   0.1000   0.1816   0.1811   0.0175   0.0000   0.0010   0.0442    0.244
    93  -0.0357   1.1906   0.0338   0.2172   0.0998   0.1823   0.1817   0.0169   0.0000   0.0011   0.0443    0.244
    94  -0.0696   1.1839   0.0465   0.2168   0.0995   0.1830   0.1825   0.0167   0.0000   0.0012   0.0443    0.243
    95  -0.1141   1.1751   0.0585   0.2161   0.0993   0.1838   0.1832   0.0167   0.0000   0.0014   0.0444    0.243
    96  -0.1689   1.1642   0.0695   0.2147   0.0992   0.1843   0.1837   0.0166   0.0000   0.0015   0.0444    0.242
    97  -0.2315   1.1519   0.0750   0.2125   0.0991   0.1844   0.1838   0.0166   0.0000   0.0015   0.0443    0.242
    98  -0.3008   1.1382   0.0833   0.2094   0.0990   0.1839   0.1834   0.0163   0.0000   0.0016   0.0442    0.241
    99  -0.3777   1.1230   0.0903   0.2052   0.0991   0.1827   0.1821   0.0166   0.0000   0.0015   0.0439    0.242
   100  -0.4614   1.1064   0.0960   0.1999   0.0992   0.1805   0.1800   0.0165   0.0000   0.0014   0.0435    0.242
   101  -0.5511   1.0887   0.1004   0.1933   0.0995   0.1774   0.1769   0.0165   0.0000   0.0012   0.0429    0.243
   102  -0.6456   1.0700   0.1034   0.1857   0.0999   0.1734   0.1729   0.0162   0.0000   0.0010   0.0421    0.244
   103  -0.7441   1.0506   0.1050   0.1771   0.1005   0.1684   0.1679   0.0156   0.0000   0.0008   0.0411    0.245
   104  -0.8453   1.0306   0.1054   0.1678   0.1011   0.1626   0.1621   0.0153   0.0000   0.0006   0.0399    0.246
   105  -0.9482   1.0102   0.1044   0.1579   0.1018   0.1561   0.1556   0.0150   0.0000   0.0004   0.0385    0.247
   106  -1.0518   0.9898   0.1023   0.1478   0.1024   0.1491   0.1486   0.0145   0.0000   0.0003   0.0369    0.248
   107  -1.1547   0.9694   0.0991   0.1376   0.1031   0.1417   0.1412   0.0141   0.0000   0.0002   0.0351    0.249
   108  -1.2559   0.9494   0.0949   0.1274   0.1037   0.1340   0.1336   0.0136   0.0000   0.0002   0.0332    0.249
   109  -1.3544   0.9300   0.0899   0.1174   0.1043   0.1260   0.1257   0.0127   0.0000   0.0002   0.0312    0.248
   110  -1.4489   0.9113   0.0840   0.1076   0.1049   0.1179   0.1175   0.0118   0.0000   0.0004   0.0290    0.247
   111  -1.5386   0.8936   0.0776   0.0979   0.1055   0.1094   0.1090   0.0114   0.0000   0.0006   0.0267    0.245
   112  -1.6223   0.8770   0.0705   0.0883   0.1061   0.1005   0.1002   0.0105   0.0000   0.0008   0.0242    0.242
   113  -1.6992   0.8618   0.0631   0.0788   0.1068   0.0912   0.0909   0.0096   0.0000   0.0011   0.0216    0.238
   114  -1.7685   0.8481   0.0552   0.0692   0.1075   0.0813   0.0811   0.0086   0.0000   0.0013   0.0190    0.234
   115  -1.8311   0.8358   0.0499   0.0593   0.1081   0.0707   0.0705   0.0075   0.0000   0.0015   0.0161    0.228
   116  -1.8859   0.8249   0.0411   0.0489   0.1088   0.0592   0.0590   0.0064   0.0000   0.0016   0.0132    0.223
   117  -1.9304   0.8161   0.0321   0.0384   0.1094   0.0469   0.0468   0.0051   0.0000   0.0015   0.0102    0.217
   118  -1.9643   0.8094   0.0230   0.0276   0.1100   0.0340   0.0339   0.0037   0.0000   0.0013   0.0072    0.212
   119  -1.9871   0.8049   0.0138   0.0167   0.1104   0.0206   0.0206   0.0023   0.0000   0.0009   0.0043    0.208
   120  -1.9986   0.8027   0.0046   0.0056   0.1107   0.0069   0.0069   0.0008   0.0000   0.0003   0.0014    0.205

  Surface # 5     vertical_stabilizer                     
     # Chordwise = 10   # Spanwise = 30     First strip =121
     Surface area =    1.162981       Ave. chord =    0.785002
     CLsurf  =   0.00000     Clsurf  =   0.00000
     CYsurf  =   0.00000     Cmsurf  =  -0.00000
     CDsurf  =  -0.00000     Cnsurf  =  -0.00000
     CDisurf =  -0.00000     CDvsurf =   0.00000

  Forces referred to Ssurf, Cave about hinge axis thru LE
     CLsurf  =  -0.00000     CDsurf  =  -0.00000
     Deflect =

 Strip Forces referred to Strip Area, Chord
    j      Yle    Chord     Area     c cl      ai      cl_norm  cl       cd       cdv    cm_c/4    cm_LE  C.P.x/c
   121   0.0000   1.0573   0.0140  -0.0000   0.0000  -0.0000  -0.0000  -0.0000   0.0000  -0.0000   0.0000    0.187
   122   0.0000   1.0509   0.0227  -0.0000   0.0000  -0.0000  -0.0000   0.0000   0.0000  -0.0000   0.0000    0.194
   123   0.0000   1.0413   0.0311  -0.0000   0.0000  -0.0000  -0.0000   0.0000   0.0000  -0.0000   0.0000    0.187
   124   0.0000   1.0287   0.0389  -0.0000  -0.0000  -0.0000  -0.0000  -0.0000   0.0000  -0.0000   0.0000    0.203
   125   0.0000   1.0133   0.0461  -0.0000   0.0000  -0.0000  -0.0000  -0.0000   0.0000  -0.0000   0.0000    0.197
   126   0.0000   0.9966   0.0440  -0.0000   0.0000  -0.0000  -0.0000  -0.0000   0.0000  -0.0000   0.0000    0.201
   127   0.0000   0.9792   0.0488  -0.0000   0.0000  -0.0000  -0.0000  -0.0000   0.0000  -0.0000   0.0000    0.199
   128   0.0000   0.9597   0.0527  -0.0000   0.0000  -0.0000  -0.0000  -0.0000   0.0000  -0.0000   0.0000    0.201
   129   0.0000   0.9385   0.0559  -0.0000   0.0000  -0.0000  -0.0000  -0.0000   0.0000  -0.0000   0.0000    0.204
   130   0.0000   0.9157   0.0582  -0.0000  -0.0000  -0.0000  -0.0000  -0.0000   0.0000  -0.0000   0.0000    0.207
   131   0.0000   0.8915   0.0596  -0.0000   0.0000  -0.0000  -0.0000  -0.0000   0.0000  -0.0000   0.0000    0.208
   132   0.0000   0.8662   0.0602  -0.0000  -0.0000  -0.0000  -0.0000  -0.0000   0.0000  -0.0000   0.0000    0.224
   133   0.0000   0.8401   0.0601  -0.0000  -0.0000  -0.0000  -0.0000  -0.0000   0.0000  -0.0000   0.0000    0.219
   134   0.0000   0.8133   0.0592  -0.0000   0.0000  -0.0000  -0.0000  -0.0000   0.0000  -0.0000   0.0000    0.221
   135   0.0000   0.7863   0.0576  -0.0000   0.0000  -0.0000  -0.0000  -0.0000   0.0000  -0.0000   0.0000    0.222
   136   0.0000   0.7592   0.0554  -0.0000  -0.0000  -0.0000  -0.0000  -0.0000   0.0000  -0.0000   0.0000    0.221
   137   0.0000   0.7323   0.0527  -0.0000   0.0000  -0.0000  -0.0000  -0.0000   0.0000  -0.0000   0.0000    0.220
   138   0.0000   0.7060   0.0495  -0.0000   0.0000  -0.0000  -0.0000  -0.0000   0.0000  -0.0000   0.0000    0.217
   139   0.0000   0.6804   0.0460  -0.0000   0.0000  -0.0000  -0.0000  -0.0000   0.0000  -0.0000   0.0000    0.217
   140   0.0000   0.6560   0.0422  -0.0000   0.0000  -0.0000  -0.0000  -0.0000   0.0000  -0.0000   0.0000    0.214
   141   0.0000   0.6328   0.0383  -0.0000   0.0000  -0.0000  -0.0000  -0.0000   0.0000  -0.0000   0.0000    0.215
   142   0.0000   0.6112   0.0342  -0.0000   0.0000  -0.0000  -0.0000  -0.0000   0.0000  -0.0000   0.0000    0.209
   143   0.0000   0.5914   0.0301  -0.0000   0.0000  -0.0000  -0.0000  -0.0000   0.0000  -0.0000   0.0000    0.204
   144   0.0000   0.5736   0.0259  -0.0000   0.0000  -0.0000  -0.0000  -0.0000   0.0000  -0.0000   0.0000    0.201
   145   0.0000   0.5570   0.0246  -0.0000   0.0000  -0.0000  -0.0000  -0.0000   0.0000  -0.0000   0.0000    0.190
   146   0.0000   0.5419   0.0200  -0.0000  -0.0000  -0.0000  -0.0000  -0.0000   0.0000  -0.0000   0.0000    0.184
   147   0.0000   0.5297   0.0154  -0.0000   0.0000  -0.0000  -0.0000  -0.0000   0.0000  -0.0000   0.0000    0.170
   148   0.0000   0.5204   0.0109  -0.0000  -0.0000  -0.0000  -0.0000  -0.0000   0.0000  -0.0000   0.0000    0.165
   149   0.0000   0.5141   0.0065  -0.0000   0.0000  -0.0000  -0.0000  -0.0000   0.0000  -0.0000   0.0000    0.148
   150   0.0000   0.5110   0.0022  -0.0000  -0.0000  -0.0000  -0.0000  -0.0000   0.0000  -0.0000   0.0000    0.152
 ---------------------------------------------------------------
