 ---------------------------------------------------------------
 Surface and Strip Forces by surface

  Forces referred to Sref, Cref, Bref about Xref, Yref, Zref
 Standard axis orientation,  X fwd, Z down         

  Surface # 1     main_wing                               
     # Chordwise = 10   # Spanwise = 30     First strip =  1
     Surface area =    8.662745       Ave. chord =    1.689678
     CLsurf  =   0.48951     Clsurf  =  -0.10529
     CYsurf  =  -0.06894     Cmsurf  =  -0.05067
     CDsurf  =   0.02584     Cnsurf  =  -0.00480
     CDisurf =   0.02584     CDvsurf =   0.00000

  Forces referred to Ssurf, Cave about hinge axis thru LE
     CLsurf  =   0.98018     CDsurf  =   0.05124
     Deflect =

 Strip Forces referred to Strip Area, Chord
    j      Yle    Chord     Area     c cl      ai      cl_norm  cl       cd       cdv    cm_c/4    cm_LE  C.P.x/c
     1   0.0034   2.1937   0.0299   2.4783   0.0119   1.1288   1.1284   0.0792   0.0000  -0.0531  -0.3356    0.297
     2   0.0304   2.1884   0.0891   1.8939   0.0139   0.8670   0.8667   0.0419   0.0000  -0.0521  -0.2685    0.310
     3   0.0840   2.1777   0.1468   1.8560   0.0201   0.8545   0.8542   0.0357   0.0000  -0.0535  -0.2667    0.313
     4   0.1638   2.1619   0.2017   1.8554   0.0305   0.8607   0.8604   0.0343   0.0000  -0.0575  -0.2722    0.317
     5   0.2688   2.1410   0.2531   1.8635   0.0445   0.8737   0.8733   0.0283   0.0000  -0.0646  -0.2823    0.324
     6   0.3979   2.1154   0.3000   1.9023   0.0619   0.9017   0.9013   0.0373   0.0000  -0.0746  -0.2995    0.333
     7   0.5496   2.0852   0.3417   1.9399   0.0825   0.9326   0.9323   0.0399   0.0000  -0.0894  -0.3220    0.346
     8   0.7223   2.0509   0.3776   1.9661   0.1062   0.9616   0.9612   0.0367   0.0000  -0.1061  -0.3458    0.360
     9   0.9142   2.0128   0.4073   2.0066   0.1336   0.9992   0.9988   0.0446   0.0000  -0.1241  -0.3733    0.374
    10   1.1285   1.9703   0.4526   2.0194   0.1433   1.0271   1.0267   0.0476   0.0000  -0.1383  -0.3945    0.385
    11   1.3637   1.9236   0.4694   2.0186   0.1326   1.0511   1.0507   0.0531   0.0000  -0.1458  -0.4082    0.389
    12   1.6118   1.8743   0.4793   1.9990   0.1224   1.0682   1.0678   0.0542   0.0000  -0.1502  -0.4168    0.391
    13   1.8700   1.8230   0.4823   1.9595   0.1122   1.0763   1.0759   0.0563   0.0000  -0.1525  -0.4212    0.392
    14   2.1357   1.7703   0.4789   1.9159   0.1029   1.0837   1.0833   0.0569   0.0000  -0.1540  -0.4245    0.392
    15   2.4057   1.7167   0.4695   1.8649   0.0981   1.0878   1.0874   0.0570   0.0000  -0.1547  -0.4263    0.392
    16   2.6723   1.6637   0.4384   1.8088   0.0970   1.0888   1.0884   0.0562   0.0000  -0.1550  -0.4267    0.392
    17   2.9325   1.6120   0.4201   1.7411   0.0976   1.0814   1.0810   0.0578   0.0000  -0.1545  -0.4245    0.393
    18   3.1884   1.5612   0.3979   1.6752   0.0993   1.0744   1.0740   0.0566   0.0000  -0.1540  -0.4222    0.393
    19   3.4372   1.5118   0.3724   1.5973   0.1021   1.0578   1.0574   0.0568   0.0000  -0.1528  -0.4169    0.394
    20   3.6775   1.4641   0.3480   1.5124   0.1060   1.0338   1.0335   0.0588   0.0000  -0.1509  -0.4091    0.396
    21   3.9066   1.4186   0.3174   1.4205   0.1113   1.0018   1.0014   0.0601   0.0000  -0.1483  -0.3986    0.398
    22   4.1206   1.3761   0.2853   1.3208   0.1181   0.9598   0.9595   0.0608   0.0000  -0.1448  -0.3847    0.401
    23   4.3172   1.3370   0.2522   1.2142   0.1267   0.9078   0.9075   0.0602   0.0000  -0.1400  -0.3670    0.404
    24   4.4942   1.3019   0.2186   1.0956   0.1369   0.8408   0.8405   0.0599   0.0000  -0.1332  -0.3435    0.408
    25   4.6536   1.2702   0.1944   0.9658   0.1491   0.7592   0.7589   0.0577   0.0000  -0.1240  -0.3141    0.413
    26   4.7929   1.2426   0.1585   0.8186   0.1631   0.6573   0.6571   0.0539   0.0000  -0.1112  -0.2759    0.419
    27   4.9062   1.2201   0.1229   0.6581   0.1783   0.5379   0.5377   0.0468   0.0000  -0.0944  -0.2292    0.426
    28   4.9923   1.2030   0.0875   0.4829   0.1938   0.4000   0.3999   0.0369   0.0000  -0.0728  -0.1731    0.432
    29   5.0502   1.1915   0.0524   0.2961   0.2086   0.2475   0.2474   0.0240   0.0000  -0.0464  -0.1085    0.438
    30   5.0794   1.1857   0.0174   0.1001   0.2187   0.0840   0.0840   0.0085   0.0000  -0.0161  -0.0371    0.441

  Surface # 2     main_wing (YDUP)                        
     # Chordwise = 10   # Spanwise = 30     First strip = 31
     Surface area =    8.662745       Ave. chord =    1.689678
     CLsurf  =   0.48951     Clsurf  =   0.10529
     CYsurf  =   0.06894     Cmsurf  =  -0.05067
     CDsurf  =   0.02584     Cnsurf  =   0.00480
     CDisurf =   0.02584     CDvsurf =   0.00000

  Forces referred to Ssurf, Cave about hinge axis thru LE
     CLsurf  =   0.98018     CDsurf  =   0.05124
     Deflect =

 Strip Forces referred to Strip Area, Chord
    j      Yle    Chord     Area     c cl      ai      cl_norm  cl       cd       cdv    cm_c/4    cm_LE  C.P.x/c
    31  -0.0034   2.1937   0.0299   2.4783   0.0119   1.1288   1.1284   0.0792   0.0000  -0.0531   0.3356    0.297
    32  -0.0304   2.1884   0.0891   1.8939   0.0139   0.8670   0.8667   0.0419   0.0000  -0.0521   0.2685    0.310
    33  -0.0840   2.1777   0.1468   1.8560   0.0201   0.8545   0.8542   0.0357   0.0000  -0.0535   0.2667    0.313
    34  -0.1638   2.1619   0.2017   1.8554   0.0305   0.8607   0.8604   0.0343   0.0000  -0.0575   0.2722    0.317
    35  -0.2688   2.1410   0.2531   1.8635   0.0445   0.8737   0.8733   0.0283   0.0000  -0.0646   0.2823    0.324
    36  -0.3979   2.1154   0.3000   1.9023   0.0619   0.9017   0.9013   0.0373   0.0000  -0.0746   0.2995    0.333
    37  -0.5496   2.0852   0.3417   1.9399   0.0825   0.9326   0.9323   0.0399   0.0000  -0.0894   0.3220    0.346
    38  -0.7223   2.0509   0.3776   1.9661   0.1062   0.9616   0.9612   0.0367   0.0000  -0.1061   0.3458    0.360
    39  -0.9142   2.0128   0.4073   2.0066   0.1336   0.9992   0.9988   0.0446   0.0000  -0.1241   0.3733    0.374
    40  -1.1285   1.9703   0.4526   2.0194   0.1433   1.0271   1.0267   0.0476   0.0000  -0.1383   0.3945    0.385
    41  -1.3637   1.9236   0.4694   2.0186   0.1326   1.0511   1.0507   0.0531   0.0000  -0.1458   0.4082    0.389
    42  -1.6118   1.8743   0.4793   1.9990   0.1224   1.0682   1.0678   0.0542   0.0000  -0.1502   0.4168    0.391
    43  -1.8700   1.8230   0.4823   1.9595   0.1121   1.0763   1.0759   0.0563   0.0000  -0.1525   0.4212    0.392
    44  -2.1357   1.7703   0.4789   1.9159   0.1029   1.0837   1.0833   0.0569   0.0000  -0.1540   0.4245    0.392
    45  -2.4057   1.7167   0.4695   1.8649   0.0981   1.0878   1.0874   0.0570   0.0000  -0.1547   0.4263    0.392
    46  -2.6723   1.6637   0.4384   1.8088   0.0970   1.0888   1.0884   0.0562   0.0000  -0.1550   0.4267    0.392
    47  -2.9325   1.6120   0.4201   1.7411   0.0976   1.0814   1.0810   0.0578   0.0000  -0.1545   0.4245    0.393
    48  -3.1884   1.5612   0.3979   1.6752   0.0993   1.0744   1.0740   0.0566   0.0000  -0.1540   0.4222    0.393
    49  -3.4372   1.5118   0.3724   1.5973   0.1021   1.0578   1.0574   0.0568   0.0000  -0.1528   0.4169    0.394
    50  -3.6775   1.4641   0.3480   1.5124   0.1060   1.0338   1.0335   0.0588   0.0000  -0.1509   0.4091    0.396
    51  -3.9066   1.4186   0.3174   1.4205   0.1113   1.0018   1.0014   0.0601   0.0000  -0.1483   0.3986    0.398
    52  -4.1206   1.3761   0.2853   1.3208   0.1181   0.9598   0.9595   0.0608   0.0000  -0.1448   0.3847    0.401
    53  -4.3172   1.3370   0.2522   1.2142   0.1267   0.9078   0.9075   0.0602   0.0000  -0.1400   0.3670    0.404
    54  -4.4942   1.3019   0.2186   1.0956   0.1369   0.8408   0.8405   0.0599   0.0000  -0.1332   0.3435    0.408
    55  -4.6536   1.2702   0.1944   0.9658   0.1491   0.7592   0.7589   0.0577   0.0000  -0.1240   0.3141    0.413
    56  -4.7929   1.2426   0.1585   0.8186   0.1631   0.6573   0.6571   0.0539   0.0000  -0.1112   0.2759    0.419
    57  -4.9062   1.2201   0.1229   0.6581   0.1783   0.5379   0.5377   0.0468   0.0000  -0.0944   0.2292    0.426
    58  -4.9923   1.2030   0.0875   0.4829   0.1938   0.4000   0.3999   0.0369   0.0000  -0.0728   0.1731    0.432
    59  -5.0502   1.1915   0.0524   0.2961   0.2086   0.2475   0.2474   0.0240   0.0000  -0.0464   0.1085    0.438
    60  -5.0794   1.1857   0.0174   0.1001   0.2187   0.0840   0.0840   0.0085   0.0000  -0.0161   0.0371    0.441

  Surface # 3     horizontal_stabilizer                   
     # Chordwise = 10   # Spanwise = 30     First strip = 61
     Surface area =    2.000000       Ave. chord =    1.000000
     CLsurf  =   0.01655     Clsurf  =  -0.00128
     CYsurf  =  -0.00026     Cmsurf  =  -0.04443
     CDsurf  =   0.00161     Cnsurf  =   0.00010
     CDisurf =   0.00161     CDvsurf =   0.00000

  Forces referred to Ssurf, Cave about hinge axis thru LE
     CLsurf  =   0.14216     CDsurf  =   0.01383
     Deflect =

 Strip Forces referred to Strip Area, Chord
    j      Yle    Chord     Area     c cl      ai      cl_norm  cl       cd       cdv    cm_c/4    cm_LE  C.P.x/c
    61   0.0014   1.1973   0.0069   0.2146   0.1017   0.1778   0.1772   0.0275   0.0000   0.0011  -0.0435    0.244
    62   0.0129   1.1951   0.0205   0.2146   0.1015   0.1793   0.1788   0.0175   0.0000   0.0012  -0.0435    0.244
    63   0.0357   1.1906   0.0338   0.2145   0.1013   0.1800   0.1794   0.0169   0.0000   0.0012  -0.0436    0.243
    64   0.0696   1.1839   0.0465   0.2141   0.1011   0.1807   0.1802   0.0167   0.0000   0.0014  -0.0436    0.242
    65   0.1141   1.1751   0.0585   0.2134   0.1009   0.1815   0.1809   0.0166   0.0000   0.0015  -0.0437    0.242
    66   0.1689   1.1642   0.0695   0.2120   0.1008   0.1819   0.1814   0.0166   0.0000   0.0016  -0.0437    0.241
    67   0.2315   1.1519   0.0750   0.2098   0.1007   0.1820   0.1815   0.0166   0.0000   0.0017  -0.0436    0.241
    68   0.3008   1.1382   0.0833   0.2067   0.1006   0.1815   0.1809   0.0165   0.0000   0.0017  -0.0435    0.241
    69   0.3777   1.1230   0.0903   0.2025   0.1007   0.1802   0.1796   0.0165   0.0000   0.0016  -0.0432    0.241
    70   0.4614   1.1064   0.0960   0.1971   0.1008   0.1780   0.1775   0.0164   0.0000   0.0015  -0.0428    0.241
    71   0.5511   1.0887   0.1004   0.1905   0.1011   0.1748   0.1743   0.0168   0.0000   0.0013  -0.0422    0.242
    72   0.6456   1.0700   0.1034   0.1828   0.1015   0.1707   0.1702   0.0162   0.0000   0.0011  -0.0414    0.243
    73   0.7441   1.0506   0.1050   0.1742   0.1020   0.1656   0.1651   0.0156   0.0000   0.0009  -0.0403    0.245
    74   0.8453   1.0306   0.1054   0.1648   0.1026   0.1597   0.1593   0.0152   0.0000   0.0007  -0.0391    0.246
    75   0.9482   1.0102   0.1044   0.1549   0.1033   0.1531   0.1526   0.0150   0.0000   0.0004  -0.0377    0.247
    76   1.0518   0.9898   0.1023   0.1447   0.1039   0.1460   0.1456   0.0145   0.0000   0.0003  -0.0361    0.248
    77   1.1547   0.9694   0.0991   0.1345   0.1045   0.1385   0.1381   0.0139   0.0000   0.0002  -0.0343    0.249
    78   1.2559   0.9494   0.0949   0.1244   0.1051   0.1308   0.1303   0.0133   0.0000   0.0002  -0.0324    0.249
    79   1.3544   0.9300   0.0899   0.1144   0.1056   0.1228   0.1224   0.0126   0.0000   0.0002  -0.0304    0.248
    80   1.4489   0.9113   0.0840   0.1046   0.1062   0.1146   0.1143   0.0116   0.0000   0.0003  -0.0282    0.247
    81   1.5386   0.8936   0.0776   0.0950   0.1067   0.1061   0.1058   0.0111   0.0000   0.0005  -0.0259    0.245
    82   1.6223   0.8770   0.0705   0.0856   0.1073   0.0974   0.0971   0.0103   0.0000   0.0008  -0.0235    0.242
    83   1.6992   0.8618   0.0631   0.0762   0.1079   0.0882   0.0879   0.0094   0.0000   0.0010  -0.0210    0.239
    84   1.7685   0.8481   0.0552   0.0668   0.1085   0.0785   0.0783   0.0084   0.0000   0.0012  -0.0184    0.234
    85   1.8311   0.8358   0.0499   0.0571   0.1092   0.0682   0.0680   0.0073   0.0000   0.0014  -0.0156    0.229
    86   1.8859   0.8249   0.0411   0.0471   0.1098   0.0570   0.0568   0.0062   0.0000   0.0015  -0.0127    0.224
    87   1.9304   0.8161   0.0321   0.0369   0.1103   0.0451   0.0450   0.0049   0.0000   0.0014  -0.0098    0.219
    88   1.9643   0.8094   0.0230   0.0265   0.1108   0.0327   0.0326   0.0036   0.0000   0.0012  -0.0070    0.213
    89   1.9871   0.8049   0.0138   0.0160   0.1112   0.0198   0.0198   0.0022   0.0000   0.0008  -0.0041    0.209
    90   1.9986   0.8027   0.0046   0.0053   0.1115   0.0066   0.0066   0.0007   0.0000   0.0003  -0.0014    0.207

  Surface # 4     horizontal_stabilizer (YDUP)            
     # Chordwise = 10   # Spanwise = 30     First strip = 91
     Surface area =    2.000000       Ave. chord =    1.000000
     CLsurf  =   0.01655     Clsurf  =   0.00128
     CYsurf  =   0.00026     Cmsurf  =  -0.04443
     CDsurf  =   0.00161     Cnsurf  =  -0.00010
     CDisurf =   0.00161     CDvsurf =   0.00000

  Forces referred to Ssurf, Cave about hinge axis thru LE
     CLsurf  =   0.14216     CDsurf  =   0.01383
     Deflect =

 Strip Forces referred to Strip Area, Chord
    j      Yle    Chord     Area     c cl      ai      cl_norm  cl       cd       cdv    cm_c/4    cm_LE  C.P.x/c
    91  -0.0014   1.1973   0.0069   0.2146   0.1017   0.1778   0.1772   0.0275   0.0000   0.0011   0.0435    0.244
    92  -0.0129   1.1951   0.0205   0.2146   0.1015   0.1793   0.1788   0.0175   0.0000   0.0012   0.0435    0.244
    93  -0.0357   1.1906   0.0338   0.2145   0.1013   0.1800   0.1794   0.0169   0.0000   0.0012   0.0436    0.243
    94  -0.0696   1.1839   0.0465   0.2141   0.1011   0.1807   0.1802   0.0167   0.0000   0.0014   0.0436    0.242
    95  -0.1141   1.1751   0.0585   0.2134   0.1009   0.1815   0.1809   0.0166   0.0000   0.0015   0.0437    0.242
    96  -0.1689   1.1642   0.0695   0.2120   0.1008   0.1819   0.1814   0.0166   0.0000   0.0016   0.0437    0.241
    97  -0.2315   1.1519   0.0750   0.2098   0.1007   0.1820   0.1815   0.0166   0.0000   0.0017   0.0436    0.241
    98  -0.3008   1.1382   0.0833   0.2067   0.1006   0.1815   0.1809   0.0165   0.0000   0.0017   0.0435    0.241
    99  -0.3777   1.1230   0.0903   0.2025   0.1007   0.1802   0.1796   0.0165   0.0000   0.0016   0.0432    0.241
   100  -0.4614   1.1064   0.0960   0.1971   0.1008   0.1780   0.1775   0.0164   0.0000   0.0015   0.0428    0.241
   101  -0.5511   1.0887   0.1004   0.1905   0.1011   0.1748   0.1743   0.0168   0.0000   0.0013   0.0422    0.242
   102  -0.6456   1.0700   0.1034   0.1828   0.1015   0.1707   0.1702   0.0162   0.0000   0.0011   0.0414    0.243
   103  -0.7441   1.0506   0.1050   0.1742   0.1020   0.1656   0.1651   0.0156   0.0000   0.0009   0.0403    0.245
   104  -0.8453   1.0306   0.1054   0.1648   0.1026   0.1597   0.1593   0.0152   0.0000   0.0007   0.0391    0.246
   105  -0.9482   1.0102   0.1044   0.1549   0.1033   0.1531   0.1526   0.0150   0.0000   0.0004   0.0377    0.247
   106  -1.0518   0.9898   0.1023   0.1447   0.1039   0.1460   0.1456   0.0145   0.0000   0.0003   0.0361    0.248
   107  -1.1547   0.9694   0.0991   0.1345   0.1045   0.1385   0.1381   0.0139   0.0000   0.0002   0.0343    0.249
   108  -1.2559   0.9494   0.0949   0.1244   0.1051   0.1308   0.1303   0.0133   0.0000   0.0002   0.0324    0.249
   109  -1.3544   0.9300   0.0899   0.1144   0.1056   0.1228   0.1224   0.0126   0.0000   0.0002   0.0304    0.248
   110  -1.4489   0.9113   0.0840   0.1046   0.1062   0.1146   0.1143   0.0116   0.0000   0.0003   0.0282    0.247
   111  -1.5386   0.8936   0.0776   0.0950   0.1067   0.1061   0.1058   0.0111   0.0000   0.0005   0.0259    0.245
   112  -1.6223   0.8770   0.0705   0.0856   0.1073   0.0974   0.0971   0.0103   0.0000   0.0008   0.0235    0.242
   113  -1.6992   0.8618   0.0631   0.0762   0.1079   0.0882   0.0879   0.0094   0.0000   0.0010   0.0210    0.239
   114  -1.7685   0.8481   0.0552   0.0668   0.1085   0.0785   0.0783   0.0084   0.0000   0.0012   0.0184    0.234
   115  -1.8311   0.8358   0.0499   0.0571   0.1092   0.0682   0.0680   0.0073   0.0000   0.0014   0.0156    0.229
   116  -1.8859   0.8249   0.0411   0.0471   0.1098   0.0570   0.0568   0.0062   0.0000   0.0015   0.0127    0.224
   117  -1.9304   0.8161   0.0321   0.0369   0.1103   0.0451   0.0450   0.0049   0.0000   0.0014   0.0098    0.219
   118  -1.9643   0.8094   0.0230   0.0265   0.1108   0.0327   0.0326   0.0036   0.0000   0.0012   0.0070    0.213
   119  -1.9871   0.8049   0.0138   0.0160   0.1112   0.0198   0.0198   0.0022   0.0000   0.0008   0.0041    0.209
   120  -1.9986   0.8027   0.0046   0.0053   0.1115   0.0066   0.0066   0.0007   0.0000   0.0003   0.0014    0.207

  Surface # 5     vertical_stabilizer                     
     # Chordwise = 10   # Spanwise = 30     First strip =121
     Surface area =    1.162981       Ave. chord =    0.785002
     CLsurf  =   0.00000     Clsurf  =   0.00000
     CYsurf  =   0.00000     Cmsurf  =  -0.00000
     CDsurf  =  -0.00000     Cnsurf  =  -0.00000
     CDisurf =  -0.00000     CDvsurf =   0.00000

  Forces referred to Ssurf, Cave about hinge axis thru LE
     CLsurf  =  -0.00000     CDsurf  =  -0.00000
     Deflect =

 Strip Forces referred to Strip Area, Chord
    j      Yle    Chord     Area     c cl      ai      cl_norm  cl       cd       cdv    cm_c/4    cm_LE  C.P.x/c
   121   0.0000   1.0573   0.0140  -0.0000   0.0000  -0.0000  -0.0000   0.0000   0.0000  -0.0000   0.0000    0.188
   122   0.0000   1.0509   0.0227  -0.0000   0.0000  -0.0000  -0.0000   0.0000   0.0000  -0.0000   0.0000    0.187
   123   0.0000   1.0413   0.0311  -0.0000   0.0000  -0.0000  -0.0000  -0.0000   0.0000  -0.0000   0.0000    0.198
   124   0.0000   1.0287   0.0389  -0.0000   0.0000  -0.0000  -0.0000  -0.0000   0.0000  -0.0000   0.0000    0.196
   125   0.0000   1.0133   0.0461  -0.0000   0.0000  -0.0000  -0.0000  -0.0000   0.0000  -0.0000   0.0000    0.199
   126   0.0000   0.9966   0.0440  -0.0000   0.0000  -0.0000  -0.0000  -0.0000   0.0000  -0.0000   0.0000    0.201
   127   0.0000   0.9792   0.0488  -0.0000  -0.0000  -0.0000  -0.0000  -0.0000   0.0000  -0.0000   0.0000    0.221
   128   0.0000   0.9597   0.0527  -0.0000   0.0000  -0.0000  -0.0000  -0.0000   0.0000  -0.0000   0.0000    0.214
   129   0.0000   0.9385   0.0559  -0.0000   0.0000  -0.0000  -0.0000  -0.0000   0.0000  -0.0000   0.0000    0.211
   130   0.0000   0.9157   0.0582  -0.0000   0.0000  -0.0000  -0.0000  -0.0000   0.0000  -0.0000   0.0000    0.218
   131   0.0000   0.8915   0.0596  -0.0000   0.0000  -0.0000  -0.0000  -0.0000   0.0000  -0.0000   0.0000    0.218
   132   0.0000   0.8662   0.0602  -0.0000   0.0000  -0.0000  -0.0000   0.0000   0.0000  -0.0000   0.0000    0.218
   133   0.0000   0.8401   0.0601  -0.0000   0.0000  -0.0000  -0.0000  -0.0000   0.0000  -0.0000   0.0000    0.228
   134   0.0000   0.8133   0.0592  -0.0000  -0.0000  -0.0000  -0.0000  -0.0000   0.0000  -0.0000   0.0000    0.225
   135   0.0000   0.7863   0.0576  -0.0000  -0.0000  -0.0000  -0.0000  -0.0000   0.0000  -0.0000   0.0000    0.223
   136   0.0000   0.7592   0.0554  -0.0000   0.0000  -0.0000  -0.0000  -0.0000   0.0000  -0.0000   0.0000    0.224
   137   0.0000   0.7323   0.0527  -0.0000   0.0000  -0.0000  -0.0000  -0.0000   0.0000  -0.0000   0.0000    0.223
   138   0.0000   0.7060   0.0495  -0.0000   0.0000  -0.0000  -0.0000  -0.0000   0.0000  -0.0000   0.0000    0.222
   139   0.0000   0.6804   0.0460  -0.0000   0.0000  -0.0000  -0.0000  -0.0000   0.0000  -0.0000   0.0000    0.220
   140   0.0000   0.6560   0.0422  -0.0000   0.0000  -0.0000  -0.0000  -0.0000   0.0000  -0.0000   0.0000    0.212
   141   0.0000   0.6328   0.0383  -0.0000  -0.0000  -0.0000  -0.0000  -0.0000   0.0000  -0.0000   0.0000    0.212
   142   0.0000   0.6112   0.0342  -0.0000   0.0000  -0.0000  -0.0000  -0.0000   0.0000  -0.0000   0.0000    0.208
   143   0.0000   0.5914   0.0301  -0.0000   0.0000  -0.0000  -0.0000  -0.0000   0.0000  -0.0000   0.0000    0.201
   144   0.0000   0.5736   0.0259  -0.0000   0.0000  -0.0000  -0.0000  -0.0000   0.0000  -0.0000   0.0000    0.195
   145   0.0000   0.5570   0.0246  -0.0000   0.0000  -0.0000  -0.0000  -0.0000   0.0000  -0.0000   0.0000    0.189
   146   0.0000   0.5419   0.0200  -0.0000   0.0000  -0.0000  -0.0000  -0.0000   0.0000  -0.0000   0.0000    0.184
   147   0.0000   0.5297   0.0154  -0.0000   0.0000  -0.0000  -0.0000  -0.0000   0.0000  -0.0000   0.0000    0.173
   148   0.0000   0.5204   0.0109  -0.0000   0.0000  -0.0000  -0.0000  -0.0000   0.0000  -0.0000   0.0000    0.164
   149   0.0000   0.5141   0.0065  -0.0000   0.0000  -0.0000  -0.0000  -0.0000   0.0000  -0.0000   0.0000    0.155
   150   0.0000   0.5110   0.0022  -0.0000   0.0000  -0.0000  -0.0000  -0.0000   0.0000  -0.0000   0.0000    0.151
 ---------------------------------------------------------------
