 ---------------------------------------------------------------
 Surface and Strip Forces by surface

  Forces referred to Sref, Cref, Bref about Xref, Yref, Zref
 Standard axis orientation,  X fwd, Z down         

  Surface # 1     main_wing                               
     # Chordwise = 10   # Spanwise = 30     First strip =  1
     Surface area =    8.662745       Ave. chord =    1.689678
     CLsurf  =   0.71158     Clsurf  =  -0.15057
     CYsurf  =  -0.10062     Cmsurf  =  -0.09001
     CDsurf  =   0.05405     Cnsurf  =  -0.00306
     CDisurf =   0.05405     CDvsurf =   0.00000

  Forces referred to Ssurf, Cave about hinge axis thru LE
     CLsurf  =   1.42494     CDsurf  =   0.10717
     Deflect =

 Strip Forces referred to Strip Area, Chord
    j      Yle    Chord     Area     c cl      ai      cl_norm  cl       cd       cdv    cm_c/4    cm_LE  C.P.x/c
     1   0.0034   2.1937   0.0299   5.4412   0.0387   2.4779   2.4769   0.1777   0.0000  -0.1787  -0.7984    0.322
     2   0.0304   2.1884   0.0891   3.0393   0.0411   1.3867   1.3862   0.1055   0.0000  -0.1210  -0.4682    0.337
     3   0.0840   2.1777   0.1468   2.8585   0.0471   1.3114   1.3109   0.0931   0.0000  -0.1183  -0.4465    0.340
     4   0.1638   2.1619   0.2017   2.8265   0.0576   1.3067   1.3062   0.0894   0.0000  -0.1217  -0.4487    0.343
     5   0.2688   2.1410   0.2531   2.8099   0.0722   1.3125   1.3121   0.0823   0.0000  -0.1306  -0.4587    0.350
     6   0.3979   2.1154   0.3000   2.8721   0.0907   1.3570   1.3565   0.0922   0.0000  -0.1426  -0.4820    0.355
     7   0.5496   2.0852   0.3417   2.9288   0.1131   1.4045   1.4040   0.0896   0.0000  -0.1625  -0.5137    0.366
     8   0.7223   2.0509   0.3776   2.9306   0.1392   1.4294   1.4288   0.0870   0.0000  -0.1841  -0.5413    0.379
     9   0.9142   2.0128   0.4073   2.9571   0.1695   1.4688   1.4682   0.0960   0.0000  -0.2056  -0.5728    0.390
    10   1.1285   1.9703   0.4526   2.9736   0.1817   1.5083   1.5078   0.1033   0.0000  -0.2275  -0.6047    0.401
    11   1.3637   1.9236   0.4694   2.9683   0.1729   1.5418   1.5412   0.1087   0.0000  -0.2395  -0.6251    0.405
    12   1.6118   1.8743   0.4793   2.9289   0.1657   1.5610   1.5605   0.1127   0.0000  -0.2472  -0.6378    0.408
    13   1.8700   1.8230   0.4823   2.8637   0.1604   1.5686   1.5680   0.1184   0.0000  -0.2524  -0.6450    0.411
    14   2.1357   1.7703   0.4789   2.7956   0.1571   1.5767   1.5761   0.1206   0.0000  -0.2558  -0.6505    0.412
    15   2.4057   1.7167   0.4695   2.7163   0.1547   1.5797   1.5791   0.1219   0.0000  -0.2583  -0.6537    0.414
    16   2.6723   1.6637   0.4384   2.6310   0.1529   1.5790   1.5784   0.1204   0.0000  -0.2593  -0.6545    0.414
    17   2.9325   1.6120   0.4201   2.5218   0.1518   1.5615   1.5609   0.1227   0.0000  -0.2583  -0.6493    0.416
    18   3.1884   1.5612   0.3979   2.4179   0.1517   1.5461   1.5455   0.1204   0.0000  -0.2572  -0.6443    0.416
    19   3.4372   1.5118   0.3724   2.2927   0.1525   1.5138   1.5132   0.1190   0.0000  -0.2540  -0.6330    0.418
    20   3.6775   1.4641   0.3480   2.1570   0.1544   1.4702   1.4696   0.1191   0.0000  -0.2492  -0.6174    0.420
    21   3.9066   1.4186   0.3174   2.0098   0.1574   1.4133   1.4128   0.1183   0.0000  -0.2428  -0.5969    0.422
    22   4.1206   1.3761   0.2853   1.8521   0.1616   1.3423   1.3418   0.1154   0.0000  -0.2341  -0.5704    0.424
    23   4.3172   1.3370   0.2522   1.6842   0.1671   1.2559   1.2555   0.1104   0.0000  -0.2230  -0.5378    0.428
    24   4.4942   1.3019   0.2186   1.5023   0.1736   1.1501   1.1497   0.1049   0.0000  -0.2084  -0.4968    0.431
    25   4.6536   1.2702   0.1944   1.3113   0.1815   1.0287   1.0283   0.0954   0.0000  -0.1903  -0.4483    0.435
    26   4.7929   1.2426   0.1585   1.0968   0.1905   0.8791   0.8788   0.0856   0.0000  -0.1668  -0.3874    0.440
    27   4.9062   1.2201   0.1229   0.8706   0.2002   0.7104   0.7101   0.0713   0.0000  -0.1381  -0.3164    0.445
    28   4.9923   1.2030   0.0875   0.6315   0.2101   0.5224   0.5222   0.0547   0.0000  -0.1039  -0.2351    0.449
    29   5.0502   1.1915   0.0524   0.3841   0.2194   0.3206   0.3204   0.0352   0.0000  -0.0650  -0.1455    0.453
    30   5.0794   1.1857   0.0174   0.1294   0.2252   0.1084   0.1083   0.0129   0.0000  -0.0222  -0.0494    0.455

  Surface # 2     main_wing (YDUP)                        
     # Chordwise = 10   # Spanwise = 30     First strip = 31
     Surface area =    8.662745       Ave. chord =    1.689678
     CLsurf  =   0.71157     Clsurf  =   0.15057
     CYsurf  =   0.10062     Cmsurf  =  -0.09001
     CDsurf  =   0.05405     Cnsurf  =   0.00306
     CDisurf =   0.05405     CDvsurf =   0.00000

  Forces referred to Ssurf, Cave about hinge axis thru LE
     CLsurf  =   1.42494     CDsurf  =   0.10717
     Deflect =

 Strip Forces referred to Strip Area, Chord
    j      Yle    Chord     Area     c cl      ai      cl_norm  cl       cd       cdv    cm_c/4    cm_LE  C.P.x/c
    31  -0.0034   2.1937   0.0299   5.4412   0.0387   2.4779   2.4769   0.1777   0.0000  -0.1787   0.7984    0.322
    32  -0.0304   2.1884   0.0891   3.0393   0.0411   1.3867   1.3862   0.1055   0.0000  -0.1210   0.4682    0.337
    33  -0.0840   2.1777   0.1468   2.8585   0.0471   1.3114   1.3109   0.0931   0.0000  -0.1183   0.4465    0.340
    34  -0.1638   2.1619   0.2017   2.8265   0.0576   1.3067   1.3062   0.0894   0.0000  -0.1217   0.4487    0.343
    35  -0.2688   2.1410   0.2531   2.8099   0.0722   1.3125   1.3121   0.0823   0.0000  -0.1306   0.4587    0.350
    36  -0.3979   2.1154   0.3000   2.8721   0.0907   1.3570   1.3565   0.0922   0.0000  -0.1426   0.4820    0.355
    37  -0.5496   2.0852   0.3417   2.9288   0.1131   1.4045   1.4040   0.0896   0.0000  -0.1625   0.5137    0.366
    38  -0.7223   2.0509   0.3776   2.9306   0.1392   1.4294   1.4288   0.0870   0.0000  -0.1841   0.5413    0.379
    39  -0.9142   2.0128   0.4073   2.9571   0.1695   1.4688   1.4682   0.0960   0.0000  -0.2056   0.5728    0.390
    40  -1.1285   1.9703   0.4526   2.9736   0.1817   1.5083   1.5078   0.1033   0.0000  -0.2275   0.6047    0.401
    41  -1.3637   1.9236   0.4694   2.9683   0.1729   1.5418   1.5412   0.1087   0.0000  -0.2395   0.6251    0.405
    42  -1.6118   1.8743   0.4793   2.9289   0.1657   1.5610   1.5605   0.1127   0.0000  -0.2472   0.6378    0.408
    43  -1.8700   1.8230   0.4823   2.8637   0.1604   1.5686   1.5680   0.1184   0.0000  -0.2524   0.6450    0.411
    44  -2.1357   1.7703   0.4789   2.7956   0.1571   1.5767   1.5761   0.1206   0.0000  -0.2558   0.6505    0.412
    45  -2.4057   1.7167   0.4695   2.7163   0.1547   1.5797   1.5791   0.1219   0.0000  -0.2583   0.6537    0.414
    46  -2.6723   1.6637   0.4384   2.6310   0.1529   1.5790   1.5784   0.1204   0.0000  -0.2593   0.6545    0.414
    47  -2.9325   1.6120   0.4201   2.5218   0.1518   1.5615   1.5609   0.1227   0.0000  -0.2583   0.6493    0.416
    48  -3.1884   1.5612   0.3979   2.4179   0.1517   1.5461   1.5455   0.1204   0.0000  -0.2572   0.6443    0.416
    49  -3.4372   1.5118   0.3724   2.2927   0.1525   1.5138   1.5132   0.1190   0.0000  -0.2540   0.6330    0.418
    50  -3.6775   1.4641   0.3480   2.1570   0.1544   1.4702   1.4696   0.1191   0.0000  -0.2492   0.6174    0.420
    51  -3.9066   1.4186   0.3174   2.0098   0.1574   1.4133   1.4128   0.1183   0.0000  -0.2428   0.5969    0.422
    52  -4.1206   1.3761   0.2853   1.8521   0.1616   1.3423   1.3418   0.1154   0.0000  -0.2341   0.5704    0.424
    53  -4.3172   1.3370   0.2522   1.6842   0.1671   1.2559   1.2555   0.1104   0.0000  -0.2230   0.5378    0.428
    54  -4.4942   1.3019   0.2186   1.5023   0.1736   1.1501   1.1497   0.1049   0.0000  -0.2084   0.4968    0.431
    55  -4.6536   1.2702   0.1944   1.3113   0.1815   1.0287   1.0283   0.0954   0.0000  -0.1903   0.4483    0.435
    56  -4.7929   1.2426   0.1585   1.0968   0.1905   0.8791   0.8788   0.0856   0.0000  -0.1668   0.3874    0.440
    57  -4.9062   1.2201   0.1229   0.8706   0.2002   0.7104   0.7101   0.0713   0.0000  -0.1381   0.3164    0.445
    58  -4.9923   1.2030   0.0875   0.6315   0.2101   0.5224   0.5222   0.0547   0.0000  -0.1039   0.2351    0.449
    59  -5.0502   1.1915   0.0524   0.3841   0.2194   0.3206   0.3204   0.0352   0.0000  -0.0650   0.1455    0.453
    60  -5.0794   1.1857   0.0174   0.1294   0.2252   0.1084   0.1083   0.0129   0.0000  -0.0222   0.0494    0.455

  Surface # 3     horizontal_stabilizer                   
     # Chordwise = 10   # Spanwise = 30     First strip = 61
     Surface area =    2.000000       Ave. chord =    1.000000
     CLsurf  =   0.00363     Clsurf  =  -0.00014
     CYsurf  =  -0.00006     Cmsurf  =  -0.00972
     CDsurf  =   0.00041     Cnsurf  =   0.00003
     CDisurf =   0.00041     CDvsurf =   0.00000

  Forces referred to Ssurf, Cave about hinge axis thru LE
     CLsurf  =   0.03116     CDsurf  =   0.00356
     Deflect =

 Strip Forces referred to Strip Area, Chord
    j      Yle    Chord     Area     c cl      ai      cl_norm  cl       cd       cdv    cm_c/4    cm_LE  C.P.x/c
    61   0.0014   1.1973   0.0069   0.0849   0.1267   0.0702   0.0700   0.0121   0.0000   0.0035  -0.0142    0.200
    62   0.0129   1.1951   0.0205   0.0849   0.1266   0.0708   0.0706   0.0083   0.0000   0.0035  -0.0142    0.200
    63   0.0357   1.1906   0.0338   0.0848   0.1266   0.0710   0.0708   0.0081   0.0000   0.0035  -0.0142    0.200
    64   0.0696   1.1839   0.0465   0.0845   0.1266   0.0712   0.0709   0.0080   0.0000   0.0036  -0.0142    0.199
    65   0.1141   1.1751   0.0585   0.0838   0.1265   0.0711   0.0709   0.0080   0.0000   0.0036  -0.0141    0.199
    66   0.1689   1.1642   0.0695   0.0826   0.1264   0.0707   0.0705   0.0079   0.0000   0.0036  -0.0140    0.199
    67   0.2315   1.1519   0.0750   0.0805   0.1264   0.0697   0.0695   0.0078   0.0000   0.0035  -0.0139    0.199
    68   0.3008   1.1382   0.0833   0.0776   0.1263   0.0680   0.0678   0.0076   0.0000   0.0033  -0.0136    0.201
    69   0.3777   1.1230   0.0903   0.0736   0.1263   0.0654   0.0652   0.0074   0.0000   0.0030  -0.0133    0.203
    70   0.4614   1.1064   0.0960   0.0685   0.1263   0.0617   0.0616   0.0070   0.0000   0.0026  -0.0128    0.207
    71   0.5511   1.0887   0.1004   0.0624   0.1264   0.0571   0.0569   0.0066   0.0000   0.0021  -0.0122    0.213
    72   0.6456   1.0700   0.1034   0.0552   0.1266   0.0514   0.0513   0.0060   0.0000   0.0014  -0.0114    0.222
    73   0.7441   1.0506   0.1050   0.0474   0.1268   0.0449   0.0448   0.0053   0.0000   0.0007  -0.0105    0.234
    74   0.8453   1.0306   0.1054   0.0391   0.1270   0.0378   0.0376   0.0045   0.0000  -0.0001  -0.0095    0.252
    75   0.9482   1.0102   0.1044   0.0307   0.1272   0.0302   0.0301   0.0036   0.0000  -0.0009  -0.0084    0.280
    76   1.0518   0.9898   0.1023   0.0225   0.1273   0.0227   0.0226   0.0028   0.0000  -0.0017  -0.0073    0.325
    77   1.1547   0.9694   0.0991   0.0149   0.1274   0.0153   0.0153   0.0019   0.0000  -0.0024  -0.0062    0.410
    78   1.2559   0.9494   0.0949   0.0081   0.1274   0.0085   0.0085   0.0010   0.0000  -0.0031  -0.0052    0.616
    79   1.3544   0.9300   0.0899   0.0022   0.1272   0.0024   0.0024   0.0003   0.0000  -0.0037  -0.0042    1.772
    80   1.4489   0.9113   0.0840  -0.0025   0.1271  -0.0028  -0.0028  -0.0004   0.0000  -0.0041  -0.0034
    81   1.5386   0.8936   0.0776  -0.0062   0.1269  -0.0069  -0.0069  -0.0009   0.0000  -0.0044  -0.0027   -0.390
    82   1.6223   0.8770   0.0705  -0.0088   0.1267  -0.0100  -0.0100  -0.0013   0.0000  -0.0046  -0.0021   -0.211
    83   1.6992   0.8618   0.0631  -0.0104   0.1265  -0.0120  -0.0120  -0.0016   0.0000  -0.0047  -0.0016   -0.138
    84   1.7685   0.8481   0.0552  -0.0111   0.1263  -0.0130  -0.0130  -0.0017   0.0000  -0.0046  -0.0013   -0.102
    85   1.8311   0.8358   0.0499  -0.0110   0.1262  -0.0130  -0.0130  -0.0017   0.0000  -0.0043  -0.0010   -0.082
    86   1.8859   0.8249   0.0411  -0.0100   0.1261  -0.0121  -0.0120  -0.0016   0.0000  -0.0039  -0.0008   -0.072
    87   1.9304   0.8161   0.0321  -0.0085   0.1260  -0.0103  -0.0103  -0.0014   0.0000  -0.0033  -0.0007   -0.068
    88   1.9643   0.8094   0.0230  -0.0064   0.1260  -0.0079  -0.0078  -0.0011   0.0000  -0.0025  -0.0005   -0.067
    89   1.9871   0.8049   0.0138  -0.0040   0.1260  -0.0049  -0.0049  -0.0007   0.0000  -0.0016  -0.0003   -0.068
    90   1.9986   0.8027   0.0046  -0.0013   0.1260  -0.0017  -0.0017  -0.0002   0.0000  -0.0005  -0.0001   -0.068

  Surface # 4     horizontal_stabilizer (YDUP)            
     # Chordwise = 10   # Spanwise = 30     First strip = 91
     Surface area =    2.000000       Ave. chord =    1.000000
     CLsurf  =   0.00363     Clsurf  =   0.00014
     CYsurf  =   0.00006     Cmsurf  =  -0.00972
     CDsurf  =   0.00041     Cnsurf  =  -0.00003
     CDisurf =   0.00041     CDvsurf =   0.00000

  Forces referred to Ssurf, Cave about hinge axis thru LE
     CLsurf  =   0.03116     CDsurf  =   0.00356
     Deflect =

 Strip Forces referred to Strip Area, Chord
    j      Yle    Chord     Area     c cl      ai      cl_norm  cl       cd       cdv    cm_c/4    cm_LE  C.P.x/c
    91  -0.0014   1.1973   0.0069   0.0849   0.1267   0.0702   0.0700   0.0121   0.0000   0.0035   0.0142    0.200
    92  -0.0129   1.1951   0.0205   0.0849   0.1266   0.0708   0.0706   0.0083   0.0000   0.0035   0.0142    0.200
    93  -0.0357   1.1906   0.0338   0.0848   0.1266   0.0710   0.0708   0.0081   0.0000   0.0035   0.0142    0.200
    94  -0.0696   1.1839   0.0465   0.0845   0.1266   0.0712   0.0709   0.0080   0.0000   0.0036   0.0142    0.199
    95  -0.1141   1.1751   0.0585   0.0838   0.1265   0.0711   0.0709   0.0080   0.0000   0.0036   0.0141    0.199
    96  -0.1689   1.1642   0.0695   0.0826   0.1264   0.0707   0.0705   0.0079   0.0000   0.0036   0.0140    0.199
    97  -0.2315   1.1519   0.0750   0.0805   0.1264   0.0697   0.0695   0.0078   0.0000   0.0035   0.0139    0.199
    98  -0.3008   1.1382   0.0833   0.0776   0.1263   0.0680   0.0678   0.0076   0.0000   0.0033   0.0136    0.201
    99  -0.3777   1.1230   0.0903   0.0736   0.1263   0.0654   0.0652   0.0074   0.0000   0.0030   0.0133    0.203
   100  -0.4614   1.1064   0.0960   0.0685   0.1263   0.0617   0.0616   0.0070   0.0000   0.0026   0.0128    0.207
   101  -0.5511   1.0887   0.1004   0.0624   0.1264   0.0571   0.0569   0.0066   0.0000   0.0021   0.0122    0.213
   102  -0.6456   1.0700   0.1034   0.0552   0.1266   0.0514   0.0513   0.0060   0.0000   0.0014   0.0114    0.222
   103  -0.7441   1.0506   0.1050   0.0474   0.1268   0.0449   0.0448   0.0053   0.0000   0.0007   0.0105    0.234
   104  -0.8453   1.0306   0.1054   0.0391   0.1270   0.0378   0.0376   0.0045   0.0000  -0.0001   0.0095    0.252
   105  -0.9482   1.0102   0.1044   0.0307   0.1272   0.0302   0.0301   0.0036   0.0000  -0.0009   0.0084    0.280
   106  -1.0518   0.9898   0.1023   0.0225   0.1273   0.0227   0.0226   0.0028   0.0000  -0.0017   0.0073    0.325
   107  -1.1547   0.9694   0.0991   0.0149   0.1274   0.0153   0.0153   0.0019   0.0000  -0.0024   0.0062    0.410
   108  -1.2559   0.9494   0.0949   0.0081   0.1274   0.0085   0.0085   0.0010   0.0000  -0.0031   0.0052    0.616
   109  -1.3544   0.9300   0.0899   0.0022   0.1272   0.0024   0.0024   0.0003   0.0000  -0.0037   0.0042    1.771
   110  -1.4489   0.9113   0.0840  -0.0025   0.1271  -0.0028  -0.0028  -0.0004   0.0000  -0.0041   0.0034
   111  -1.5386   0.8936   0.0776  -0.0062   0.1269  -0.0069  -0.0069  -0.0009   0.0000  -0.0044   0.0027   -0.390
   112  -1.6223   0.8770   0.0705  -0.0088   0.1267  -0.0100  -0.0100  -0.0013   0.0000  -0.0046   0.0021   -0.211
   113  -1.6992   0.8618   0.0631  -0.0104   0.1265  -0.0120  -0.0120  -0.0016   0.0000  -0.0047   0.0016   -0.138
   114  -1.7685   0.8481   0.0552  -0.0111   0.1263  -0.0130  -0.0130  -0.0017   0.0000  -0.0046   0.0013   -0.102
   115  -1.8311   0.8358   0.0499  -0.0110   0.1262  -0.0130  -0.0130  -0.0017   0.0000  -0.0043   0.0010   -0.082
   116  -1.8859   0.8249   0.0411  -0.0100   0.1261  -0.0121  -0.0120  -0.0016   0.0000  -0.0039   0.0008   -0.072
   117  -1.9304   0.8161   0.0321  -0.0085   0.1260  -0.0103  -0.0103  -0.0014   0.0000  -0.0033   0.0007   -0.068
   118  -1.9643   0.8094   0.0230  -0.0064   0.1260  -0.0079  -0.0078  -0.0011   0.0000  -0.0025   0.0005   -0.067
   119  -1.9871   0.8049   0.0138  -0.0040   0.1260  -0.0049  -0.0049  -0.0007   0.0000  -0.0016   0.0003   -0.068
   120  -1.9986   0.8027   0.0046  -0.0013   0.1260  -0.0017  -0.0017  -0.0002   0.0000  -0.0005   0.0001   -0.068

  Surface # 5     vertical_stabilizer                     
     # Chordwise = 10   # Spanwise = 30     First strip =121
     Surface area =    1.162981       Ave. chord =    0.785002
     CLsurf  =   0.00000     Clsurf  =   0.00000
     CYsurf  =   0.00000     Cmsurf  =  -0.00000
     CDsurf  =  -0.00000     Cnsurf  =  -0.00000
     CDisurf =  -0.00000     CDvsurf =   0.00000

  Forces referred to Ssurf, Cave about hinge axis thru LE
     CLsurf  =  -0.00000     CDsurf  =  -0.00000
     Deflect =

 Strip Forces referred to Strip Area, Chord
    j      Yle    Chord     Area     c cl      ai      cl_norm  cl       cd       cdv    cm_c/4    cm_LE  C.P.x/c
   121   0.0000   1.0573   0.0140  -0.0000   0.0000  -0.0000  -0.0000   0.0000   0.0000  -0.0000   0.0000    0.168
   122   0.0000   1.0509   0.0227  -0.0000   0.0000  -0.0000  -0.0000   0.0000   0.0000  -0.0000   0.0000    0.168
   123   0.0000   1.0413   0.0311  -0.0000   0.0000  -0.0000  -0.0000  -0.0000   0.0000  -0.0000   0.0000    0.163
   124   0.0000   1.0287   0.0389  -0.0000   0.0000  -0.0000  -0.0000  -0.0000   0.0000  -0.0000   0.0000    0.172
   125   0.0000   1.0133   0.0461  -0.0000  -0.0000  -0.0000  -0.0000  -0.0000   0.0000  -0.0000   0.0000    0.171
   126   0.0000   0.9966   0.0440  -0.0000  -0.0000  -0.0000  -0.0000   0.0000   0.0000  -0.0000   0.0000    0.176
   127   0.0000   0.9792   0.0488  -0.0000   0.0000  -0.0000  -0.0000  -0.0000   0.0000  -0.0000   0.0000    0.173
   128   0.0000   0.9597   0.0527  -0.0000   0.0000  -0.0000  -0.0000  -0.0000   0.0000  -0.0000   0.0000    0.178
   129   0.0000   0.9385   0.0559  -0.0000  -0.0000  -0.0000  -0.0000  -0.0000   0.0000  -0.0000   0.0000    0.176
   130   0.0000   0.9157   0.0582  -0.0000   0.0000  -0.0000  -0.0000  -0.0000   0.0000  -0.0000   0.0000    0.178
   131   0.0000   0.8915   0.0596  -0.0000   0.0000  -0.0000  -0.0000  -0.0000   0.0000  -0.0000   0.0000    0.181
   132   0.0000   0.8662   0.0602  -0.0000   0.0000  -0.0000  -0.0000  -0.0000   0.0000  -0.0000   0.0000    0.188
   133   0.0000   0.8401   0.0601  -0.0000  -0.0000  -0.0000  -0.0000  -0.0000   0.0000  -0.0000   0.0000    0.191
   134   0.0000   0.8133   0.0592  -0.0000   0.0000  -0.0000  -0.0000  -0.0000   0.0000  -0.0000   0.0000    0.182
   135   0.0000   0.7863   0.0576  -0.0000  -0.0000  -0.0000  -0.0000  -0.0000   0.0000  -0.0000   0.0000    0.177
   136   0.0000   0.7592   0.0554  -0.0000  -0.0000  -0.0000  -0.0000  -0.0000   0.0000  -0.0000   0.0000    0.185
   137   0.0000   0.7323   0.0527  -0.0000   0.0000  -0.0000  -0.0000  -0.0000   0.0000  -0.0000   0.0000    0.179
   138   0.0000   0.7060   0.0495  -0.0000   0.0000  -0.0000  -0.0000  -0.0000   0.0000  -0.0000   0.0000    0.176
   139   0.0000   0.6804   0.0460  -0.0000   0.0000  -0.0000  -0.0000  -0.0000   0.0000  -0.0000   0.0000    0.177
   140   0.0000   0.6560   0.0422  -0.0000   0.0000  -0.0000  -0.0000  -0.0000   0.0000  -0.0000   0.0000    0.170
   141   0.0000   0.6328   0.0383  -0.0000  -0.0000  -0.0000  -0.0000  -0.0000   0.0000  -0.0000   0.0000    0.173
   142   0.0000   0.6112   0.0342  -0.0000  -0.0000  -0.0000  -0.0000  -0.0000   0.0000  -0.0000   0.0000    0.168
   143   0.0000   0.5914   0.0301  -0.0000   0.0000  -0.0000  -0.0000  -0.0000   0.0000  -0.0000   0.0000    0.166
   144   0.0000   0.5736   0.0259  -0.0000   0.0000  -0.0000  -0.0000  -0.0000   0.0000  -0.0000   0.0000    0.151
   145   0.0000   0.5570   0.0246  -0.0000   0.0000  -0.0000  -0.0000  -0.0000   0.0000  -0.0000   0.0000    0.145
   146   0.0000   0.5419   0.0200  -0.0000  -0.0000  -0.0000  -0.0000  -0.0000   0.0000  -0.0000   0.0000    0.138
   147   0.0000   0.5297   0.0154  -0.0000   0.0000  -0.0000  -0.0000  -0.0000   0.0000  -0.0000   0.0000    0.130
   148   0.0000   0.5204   0.0109  -0.0000   0.0000  -0.0000  -0.0000  -0.0000   0.0000  -0.0000   0.0000    0.124
   149   0.0000   0.5141   0.0065  -0.0000  -0.0000  -0.0000  -0.0000  -0.0000   0.0000  -0.0000   0.0000    0.123
   150   0.0000   0.5110   0.0022  -0.0000   0.0000  -0.0000  -0.0000  -0.0000   0.0000  -0.0000   0.0000    0.123
 ---------------------------------------------------------------
